,0,1,2,3
0,0.4525511131100866,0.0,0.8917384650349124,0.0
1,0.4594788092916058,-0.01106661992694576,0.8881051828151192,-0.005092935527222902
2,0.4662670525524335,-0.022175763696051815,0.8843076508820022,-0.010161190880905828
3,0.47291457188621994,-0.03332488387240194,0.8803465964141302,-0.01520296006114516
4,0.4794201335780785,-0.04451141903563602,0.8762227824104311,-0.020216445788866392
5,0.48578254147536865,-0.05573279440032369,0.8719370075194286,-0.02519986000212991
6,0.49200063724890836,-0.06698642244003059,0.8674901058600168,-0.03015142434994479
7,0.49807330064455535,-0.0782697035149225,0.8628829468338044,-0.03506937068346307
8,0.5039994497250957,-0.0895800265027524,0.858116434929082,-0.0399519415444276
9,0.5097780411023839,-0.10091476943307462,0.8531915095164565,-0.044797390650747365
10,0.5154080701596815,-0.11227130012452903,0.8481091446362016,-0.04960398337907494
11,0.5208885712641369,-0.12364697682503695,0.8428703487773752,-0.05436999724426121
12,0.5262186179693638,-0.1350391488547519,0.83747616464876,-0.059093722375563616
13,0.5313973232080638,-0.14644515725160423,0.8319276689416774,-0.0637734619894851
14,0.5364238394746538,-0.15786233541928119,0.8262259720847377,-0.06840753285912128
15,0.5412973589978541,-0.16928800977748082,0.8203722179905792,-0.07299426577989464
16,0.5460171139031966,-0.18071950041427995,0.8143675837946645,-0.07753200603155572
17,0.5505823763654164,-0.19215412174045304,0.8082132795861925,-0.08201911383633133
18,0.5549924587506953,-0.20358918314558117,0.8019105481311914,-0.08645396481310204
19,0.5592467137487177,-0.2150219896557874,0.7954606645878608,-0.09083495042749098
20,0.5633445344945196,-0.22644984259293624,0.7888649362142333,-0.09516047843774794
21,0.567285354680094,-0.2378700402351332,0.7821247020682207,-0.09942897333631336
22,0.5710686486557336,-0.24927987847836094,0.7752413327001262,-0.10363887678694797
23,0.5746939315210902,-0.2606766514990878,0.768216229837688,-0.10778864805731547
24,0.5781607592059267,-0.272057652417684,0.7610508260637369,-0.1118767644469054
25,0.5814687285405485,-0.2834201739624809,0.7537465844865432,-0.11590172171018676
26,0.5846174773158999,-0.29476150913430904,0.746304998402932,-0.11986203447488153
27,0.5876066843333139,-0.30607895187134915,0.7387275909542536,-0.12375623665525146
28,0.5904360694439049,-0.31736979771413165,0.731015914775285,-0.1275828818602891
29,0.5931053935776017,-0.3286313444705187,0.7231715516361538,-0.1313405437967099
30,0.595614458761812,-0.3398608928805048,0.7151961120773659,-0.13502781666663796
31,0.5979631081297233,-0.35105574728066896,0.7070912350380348,-0.1386433155598862
32,0.600151225918236,-0.36221321626811503,0.6988585874773887,-0.1421856768407252
33,0.6021787374555365,-0.37333061336373363,0.6904998639896616,-0.1456535585290439
34,0.6040456091383177,-0.3844052576746228,0.6820167864124498,-0.14904564067580162
35,0.6057518483986513,-0.39543447455550007,0.6734111034286417,-0.1523606257326742
36,0.6072975036605293,-0.4064155962689425,0.6646845901620023,-0.15559723891579907
37,0.6086826642860872,-0.4173459626442919,0.6558390477665237,-0.15875422856352378
38,0.609907460511524,-0.4282229217350587,0.646876303009634,-0.1618303664880666
39,0.6109720633727425,-0.4390438304746622,0.6377982078493706,-0.1648244483209966
40,0.6118766846207286,-0.4498060553303443,0.6286066390056146,-0.1677352938524443
41,0.6126215766266967,-0.4605069729550928,0.6193034975254965,-0.1705617473639538
42,0.6132070322770274,-0.4711439708374128,0.609890708343076,-0.1733026779548918
43,0.6136333848580291,-0.4817144479487838,0.6003702198334004,-0.17595697986232564
44,0.6139010079305524,-0.4922158153886419,0.5907440033610574,-0.17852357277429115
45,0.6140103151944971,-0.5026454970267241,0.5810140528233221,-0.18100140213636393
46,0.6139617603432455,-0.5130009301426188,0.5711823841880197,-0.18338943945145927
47,0.6137558369080641,-0.5232795660623584,0.5612510350262061,-0.1856866825727782
48,0.6133930780925159,-0.5334788707918989,0.5512220640397879,-0.1878921559898271
49,0.6128740565969266,-0.5435963256473257,0.5410975505841904,-0.19000491110743217
50,0.6121993844329574,-0.5536294278816309,0.5308795941861987,-0.19202402651768116
51,0.6113697127283265,-0.5635756913079035,0.5205703140570755,-0.19394860826471547
52,0.61038573152174,-0.573432646918778,0.5101718486010876,-0.19577779010230836
53,0.6092481695480807,-0.5831978435019882,0.49968635491955105,-0.19751073374415898
54,0.6079577940139176,-0.5928688482518679,0.4891160083105216,-0.19914662910683786
55,0.6065154103633899,-0.6024432473766528,0.47846300176424655,-0.20068469454532
56,0.6049218620345348,-0.6119186467014244,0.46772954545450673,-0.2021241770810437
57,0.6031780302061165,-0.6212926722665506,0.4569178662259674,-0.20346435262243515
58,0.6012848335350298,-0.630562970921472,0.44603020707766405,-0.20470452617784138
59,0.599243227884342,-0.639727210913684,0.43506882664275015,-0.20584403206081503
60,0.5970542060420503,-0.6487830824727693,0.42403599866463293,-0.2068822340876966
61,0.5947187974306232,-0.6577282983893323,0.4129340114696216,-0.20781852576744328
62,0.5922380678074072,-0.6665605945886959,0.4017651674362199,-0.2086523304836525
63,0.5896131189559737,-0.67527773069921,0.3905317824611908,-0.20938310166873386
64,0.586845088368488,-0.6838774906150336,0.3792361854225228,-0.2100103229701817
65,0.5839351489191862,-0.6923576830532508,0.3678807176394269,-0.21053350840890486
66,0.5808845085290393,-0.7007161421051774,0.35646773232949963,-0.2109522025295717
67,0.5776944098216986,-0.7089507277817225,0.3449995940631804,-0.21126598054293036
68,0.5743661297708087,-0.7170593265526686,0.33347867821563565,-0.21147444846006472
69,0.5709009793387783,-0.7250398518797327,0.3219073704162067,-0.21157724321855212
70,0.5673003031071073,-0.7328902447432791,0.3102880659955492,-0.21157403280048803
71,0.5635654788983632,-0.7406084741625459,0.298623169430609,-0.21146451634234498
72,0.5596979173899035,-0.7481925377092603,0.286915093787552,-0.211248424236637
73,0.5556990617194497,-0.7556404620145103,0.2751662601628023,-0.21092551822536157
74,0.5515703870826096,-0.7629503032687476,0.26337909712231306,-0.2104955914851934
75,0.5473134003224546,-0.7701201477147932,0.2515560401392075,-0.20995846870440593
76,0.5429296395112583,-0.7771481121337268,0.23969953102993163,-0.20931400615150053
77,0.5384206735245051,-0.7840323443235327,0.22781201738904738,-0.20856209173552204
78,0.5337881016072757,-0.7907710235703851,0.2158959520228143,-0.20770264505804614
79,0.5290335529331278,-0.7973623611124538,0.20395379238168737,-0.20673561745681973
80,0.5241586861555771,-0.8038046005961108,0.191987999991873,-0.20566099204104535
81,0.5191651889523037,-0.8100960185244297,0.1800010398860844,-0.20447878371829667
82,0.5140547775621936,-0.8162349246978569,0.16799538003362685,-0.20318903921305534
83,0.5088291963153408,-0.8222196626469486,0.15597349076995887,-0.20179183707686552
84,0.5034902171561252,-0.8280486100570621,0.14393784422586398,-0.20028728769009876
85,0.4980396391594938,-0.8337201791848999,0.13189091375637024,-0.19867553325532886
86,0.49247928804056884,-0.8392328172667911,0.11983517336956118,-0.1969567477823155
87,0.48681101565770596,-0.8445850069186167,0.107773097155412,-0.19513113706459936
88,0.4810366995091334,-0.8497752665272739,0.09570715871479041,-0.1931989386477111
89,0.4751582422233014,-0.8548021506335814,0.0836398305887639,-0.19116042178900325
90,0.46917757104306856,-0.8596642503065248,0.07157358368834876,-0.1890158874091113
91,0.46309663730386624,-0.8643601935087564,0.059510886724838175,-0.1867656680350539
92,0.4569174159059641,-0.8688886454532467,0.04745420564085279,-0.18441012773498738
93,0.45064190478097976,-0.8732483089510045,0.035406003042245004,-0.1819496620446273
94,0.4442721243527694,-0.8774379247497748,0.02336873763100039,-0.17938469788535386
95,0.437810116992832,-0.8814562718636274,0.011344863639269953,-0.1767156934740207
96,0.4312579464703719,-0.8853021678933563,-0.000663169735326985,-0.17394313822448937
97,0.4246176973971586,-0.8889744693376027,-0.012652918892995357,-0.17106755264090973
98,0.4178914746673261,-0.8924720718946288,-0.024621946393511174,-0.1680894882027752
99,0.41108140289225614,-0.8957939107546627,-0.03656782151629345,-0.16500952724177578
100,0.4041896258306882,-0.8989389608827362,-0.048488120818657776,-0.16182828281048428
101,0.397218305814203,-0.9019062372919514,-0.060380428692122734,-0.15854639854290076
102,0.3901696231682278,-0.9046947953070991,-0.0722423379166306,-0.15516454850689415
103,0.3830457756287107,-0.9073037308185665,-0.08407145021255097,-0.151683437048573
104,0.37584897775460974,-0.9097321805264635,-0.09586537679032897,-0.14810379862862727
105,0.36858146033635336,-0.9119793221749143,-0.10762173889765259,-0.14442639765067494
106,0.361245469800419,-0.914044374776441,-0.11933816836399985,-0.14065202828166185
107,0.35384326761018203,-0.9159265988263965,-0.13101230814243606,-0.13678151426435423
108,0.34637712966319045,-0.9176252965073782,-0.14264181284853378,-0.13281570872197157
109,0.338849345685017,-0.9191398118835769,-0.15422434929627937,-0.12875549395500685
110,0.3312622186198445,-0.920469531085011,-0.1657575970308409,-0.12460178123028495
111,0.32361806401793985,-0.9216138824815925,-0.17723924885806702,-0.12035551056231139
112,0.3159192094201727,-0.9225723368469857,-0.18866701137058983,-0.11601765048696284
113,0.3081679937397375,-0.9233444075122132,-0.2000386054704021,-0.11158919782757869
114,0.3003667666412321,-0.9239296505089668,-0.21135176688778706,-0.10707117745350848
115,0.29251788791725863,-0.924327664702591,-0.22260424669647152,-0.1024646420311763
116,0.2846237268626972,-0.9245380919146975,-0.23379381182487974,-0.09777067176772412
117,0.27668666164681854,-0.9245606170353827,-0.24491824556336614,-0.09299037414729591
118,0.26870907868339394,-0.924394968125018,-0.2559753480673004,-0.08812488366002938
119,0.26069337199895926,-0.9240409165055804,-0.266962936855888,-0.08317536152382216
120,0.25264194259940054,-0.9234982768415083,-0.2778788473066052,-0.07814299539894118
121,0.24455719783501711,-0.9227669072100471,-0.2887209331451249,-0.07302899909554555
122,0.23644155076422588,-0.9218467091610779,-0.2994870669306241,-0.06783461227419851
123,0.2282974195160691,-0.9207376277664037,-0.3101751405363467,-0.06256110013943897
124,0.2201272266516892,-0.9194396516584802,-0.3207830656253139,-0.057209753126491375
125,0.21193339852492918,-0.9179528130585836,-0.33130877412105947,-0.051781886581191316
126,0.20371836464222648,-0.9162771877944,-0.341750218673288,-0.04627884043320796
127,0.19548455702195924,-0.9144128953070342,-0.3521053731183329,-0.040701978862641625
128,0.1872344095534086,-0.9123600986474314,-0.3623722329343104,-0.03505268996008218
129,0.17897035735550484,-0.9101190044622122,-0.3725488156908587,-0.02933238538021507
130,0.1706948361355124,-0.907689862968921,-0.38263316149335186,-0.023542499989053917
131,0.1624102815478227,-0.9050729679206916,-0.3926233334214888,-0.017684491504899036
132,0.15411912855301796,-0.9022686565603357,-0.40251741796214147,-0.011759840133099914
133,0.1458238107773658,-0.899277309563868,-0.4123135254363708,-0.005770048194723099
134,0.13752675987290813,-0.8960993509734712,-0.4220097904204968,0.0002833602507891775
135,0.1292304048783125,-0.8927352481199221,-0.43160437216113196,0.006398839788869487
136,0.12093717158063667,-0.8891855115344958,-0.44109545498407,0.012574824038894317
137,0.1126494818781838,-0.8854506948503599,-0.4504812486969402,0.018809726048968467
138,0.10436975314459673,-0.8815313946934915,-0.4597599889855242,0.025101938696329595
139,0.09610039759436062,-0.8774282505631331,-0.4689299378036459,0.03144983509327423
140,0.08784382164987324,-0.8731419447018188,-0.47798938375653877,0.037851768998494656
141,0.07960242531024311,-0.868673201955,-0.4869366424775994,0.04430607523373731
142,0.07137860152197506,-0.864022789620301,-0.4957700569984408,0.05081107010566521
143,0.06317473555170802,-0.8591915172864455,-0.5044879981121504,0.05736505183282353
144,0.05499320436115629,-0.8541802366618816,-0.5130888647296749,0.0639663009776052
145,0.04683637598442075,-0.8489898413931568,-0.5215710842292405,0.07061308088309962
146,0.03870660890782199,-0.8436212668730751,-0.5299331127987312,0.07730363811472274
147,0.030606251452418354,-0.8380754900386901,-0.5381734357709389,0.08403620290651057
148,0.022537641159360605,-0.8323535291591758,-0.5462905679516078,0.09080898961196984
149,0.014503104178243909,-0.8264564436136281,-0.5542830539402006,0.09762019715936751
150,0.006504954658607953,-0.8203853336588486,-0.5621494684433005,0.10446800951134991
151,-0.0014545058552579426,-0.8141413401871682,-0.5698884165805853,0.11135059612876788
152,-0.009372989026048995,-0.807725644474363,-0.5774985341832938,0.1182661124386
153,-0.017248220321571583,-0.801139467917729,-0.5849784880851211,0.1252127003058506
154,-0.02507793960910401,-0.7943840717643736,-0.5923269764054668,0.13218848850930362
155,-0.03285990174584591,-0.7874607568297903,-0.5995427288249785,0.1391915932210173
156,-0.040591877165303186,-0.7803708632067848,-0.6066245068533181,0.14622011848943037
157,-0.048271652459460135,-0.7731157699648192,-0.6135711040890929,0.15327215672596775
158,-0.055897030956593874,-0.7656968948398511,-0.6203813464718901,0.16034578919501533
159,-0.06346583329457883,-0.7581156939147398,-0.6270540925263552,0.16743908650714315
160,-0.07097589798954401,-0.7503736612902924,-0.633588233598259,0.17455010911545452
161,-0.07842508199972947,-0.7424723287470386,-0.6399826940824964,0.18167690781493107
162,-0.08581126128440747,-0.7344132653978038,-0.6462364316429664,0.18881752424465204
163,-0.09313233135772067,-0.726198077331175,-0.6523484374242821,0.1959699913927586
164,-0.10038620783730001,-0.7178284072459384,-0.6583177362552614,0.2031323341040368
165,-0.10757082698752199,-0.7093059340765798,-0.6641433868441509,0.21030256958998894
166,-0.11468414625726842,-0.7006323726099359,-0.6698244819655446,0.2174787079412684
167,-0.12172414481205103,-0.6918094730930953,-0.6753601486389431,0.22465875264234333
168,-0.12868882406036752,-0.6828390208326339,-0.6807495482989261,0.23184070108826296
169,-0.13557620817415528,-0.6737228357852929,-0.68599187695689,0.2390225451033952
170,-0.1423843446032092,-0.6644627721401866,-0.6910863653543198,0.24620227146200002
171,-0.14911130458343627,-0.6550607178926545,-0.6960322791075593,0.2533778624105161
172,-0.15575518363881533,-0.6455185944098472,-0.7008289188440471,0.2605472961914174
173,-0.1623141020769363,-0.6358383559881637,-0.7054756203299889,0.2677085475685159
174,-0.16878620547799322,-0.6260219894026355,-0.7099717545894426,0.2748595883535727
175,-0.17516966517710647,-0.6160715134483803,-0.7143167280147789,0.2819983879340856
176,-0.1814626787398529,-0.6059889784742232,-0.7185099824685088,0.2891229138021195
177,-0.18766347043088247,-0.5957764659086069,-0.7225509953764464,0.29623113208404456
178,-0.19377029167550425,-0.5854360877779051,-0.7264392798121895,0.30332100807105017
179,-0.1997814215141224,-0.574969986217253,-0.730174384572906,0.3103905067502977
180,-0.2056951670494092,-0.5643803329740149,-0.7337558942464022,0.31743759333657745
181,-0.21150986388610166,-0.5536693289040127,-0.7371834292694714,0.32446023380433664
182,-0.21722387656330866,-0.5428392034606336,-0.7404566459775019,0.3314563954199433
183,-0.22283559897922062,-0.5318922141769428,-0.7435752366453406,0.3384240472740477
184,-0.22834345480811458,-0.5208306461409284,-0.7465389295194086,0.3453611608139116
185,-0.2337458979095482,-0.5096568114640047,-0.7493474888410596,0.35226571037556476
186,-0.23904141272963803,-0.49837304874290034,-0.7520007148611807,0.3591356737156568
187,-0.24422851469432255,-0.4869817225150739,-0.7544984438460389,0.3659690325428672
188,-0.24930575059451016,-0.4754852227077711,-0.7568405480743714,0.37276377304874264
189,-0.25427169896301305,-0.4638859640808752,-0.7590269358257262,0.37951788643781864
190,-0.2591249704431727,-0.4521863856636757,-0.7610575513600613,0.38622936945689956
191,-0.26386420814908396,-0.44038895018569724,-0.7629323748886081,0.39289622492335685
192,-0.2684880880173256,-0.42849614350172427,-0.764651422536013,0.39951646225231074
193,-0.27299531915010955,-0.4165104740111653,-0.7662147462937688,0.40608809798256834
194,-0.2773846441497601,-0.4044344720718951,-0.7676224339649502,0.412609156301171
195,-0.2816548394444406,-0.392270689408721,-0.7688746091002763,0.4190776695664311
196,-0.28580471560504433,-0.38002169851661205,-0.7699714309255101,0.4254916788293176
197,-0.28983311765316905,-0.36769009205884284,-0.7709130942602296,0.43184923435305816
198,-0.2937389253600965,-0.35527848226019576,-0.7716998294279799,0.43814839613082474
199,-0.2975210535367045,-0.34278950029536803,-0.7723319021578465,0.4443872344013762
200,-0.30117845231423457,-0.3302257956727375,-0.772809613477467,0.45056383016251705
201,-0.30471010741584614,-0.3175900356136324,-0.7731332995975172,0.45667627568225
202,-0.3081150404188874,-0.30488490442726157,-0.7733033317877038,0.4627226750074861
203,-0.3113923090078192,-0.2921131028814491,-0.7733201162442946,0.4687011444701856
204,-0.31454100721772377,-0.279277347569343,-0.7731840939492275,0.4746098131907981
205,-0.3175602656683402,-0.26638037027223227,-0.7728957405208348,0.48044682357887647
206,-0.32044925178856765,-0.25342491731864286,-0.7724555660562202,0.48621033183073187
207,-0.3232071700313744,-0.24041374893986836,-0.7718641149653389,0.4918985084240063
208,-0.3258332620790674,-0.22734963862207674,-0.7711219657968182,0.497509538609036
209,-0.32832680703886047,-0.2142353724551789,-0.7702297310555695,0.503041622896876
210,-0.33068712162870095,-0.20107374847858736,-0.7691880570122405,0.5084929775438681
211,-0.33291356035329994,-0.1878675760240532,-0.7679976235045565,0.5138618350326186
212,-0.33500551567032755,-0.17461967505571846,-0.7666591437306042,0.5191464445492717
213,-0.3369624181467283,-0.1613328755075619,-0.7651733640341166,0.5243450724569502
214,-0.33878373660511724,-0.14801001661839075,-0.763541063681809,0.5294560027652443
215,-0.34046897826022154,-0.13465394626454322,-0.7617630546328312,0.5344775375956267
216,-0.34201768884533096,-0.12126752029046695,-0.759840181300394,0.5394079976426787
217,-0.3434294527287274,-0.10785360183733572,-0.7577733203056314,0.5442457226309997
218,-0.34470389302006194,-0.09441506066986424,-0.7555633802237659,0.548989071767696
219,-0.34584067166665555,-0.08095477250149602,-0.7532113013226422,0.5536364241903159
220,-0.346839489539695,-0.06747561831811338,-0.7507180552936963,0.5581861794101345
221,-0.3477000865103076,-0.05398048370045461,-0.7480846449754324,0.5626367577506566
222,-0.3484222415154905,-0.0404722581453853,-0.7453121040694778,0.5669866007812377
223,-0.34900577261388077,-0.026953834386201303,-0.7424014968492927,0.5712341717457029
224,-0.34945053703135326,-0.013428107712125159,-0.7393539178616051,0.575377955985859
225,-0.3497564311964313,0.00010202471283560222,-0.7361704916206554,0.5794164613597862
226,-0.3499233907655044,0.013633664531506384,-0.7328523722953215,0.5833482186548048
227,-0.3499513906378462,0.02716391287546424,-0.7294007433892153,0.5871717819950064
228,-0.3498404449604279,0.04068987104710178,-0.7258168174138253,0.5908857292432486
229,-0.3495906071225269,0.05420864120165994,-0.7221018355547915,0.5944886623975045
230,-0.3492019697401324,0.06771732702907085,-0.7182570673314002,0.59797920798147
231,-0.3486746646301511,0.0812130344354341,-0.7142838102493899,0.6013560174293212
232,-0.3480088627744209,0.09469287222397163,-0.7101833894471479,0.6046177674645277
233,-0.3472047742735412,0.10815395277528822,-0.7059571573353961,0.6077631604726195
234,-0.3462626482905308,0.12159339272676575,-0.7016064932304605,0.6107909248678131
235,-0.3451827729843297,0.1350083136509431,-0.6971328029812106,0.6136998154534004
236,-0.3439654754331605,0.1483958427326913,-0.6925375185897704,0.616488613775808
237,-0.34261112154776885,0.16175311344504298,-0.6878220978260976,0.6191561284722308
238,-0.3411201159745661,0.17507726622348874,-0.6829880238365263,0.6217011956117542
239,-0.3394929019886974,0.18836544913859687,-0.6780368047463803,0.6241226790298734
240,-0.33772996137706424,0.20161481856677016,-0.6729699732567488,0.6264194706563215
241,-0.3358318143113291,0.21482253985899957,-0.6677890862355359,0.6285904908361224
242,-0.3337990192109372,0.22798578800742347,-0.6624957243028889,0.630634688643783
243,-0.33163217259618655,0.24110174830956238,-0.6570914914110988,0.632551042190544
244,-0.32933190893138803,0.2541676170300323,-0.6515780144190988,0.6343385589246073
245,-0.3268989004581511,0.2671806020596059,-0.6459569426616537,0.6359962759242598
246,-0.3243338570188422,0.2801379235714359,-0.6402299475133598,0.6375232601838196
247,-0.32163752587025335,0.2930368146743014,-0.6343987219475576,0.6389186088923275
248,-0.3188106914875398,0.30587452206269483,-0.6284649800902808,0.6401814497049079
249,-0.3158541753584623,0.3186483066636153,-0.622430456769344,0.6413109410067329
250,-0.31276883576800046,0.3313554442798883,-0.6162969070586926,0.6423062721695132
251,-0.3095555675733795,0.3439932262298727,-0.6100661058181193,0.6431666638004505
252,-0.3062153019695771,0.3565589599833815,-0.6037398472284831,0.6438913679835897
253,-0.3027490062453646,0.36904996979367827,-0.5973199443225258,0.644479668513495
254,-0.29915768352994576,0.3814635973253797,-0.590808228511425,0.6449308811212016
255,-0.2954423725302569,0.39379720227812715,-0.5842065491071883,0.645244353692369
256,-0.2916041472589982,0.4060481630058505,-0.577516772841025,0.645419466477588
257,-0.2876441167534598,0.4182138771315044,-0.5707407833777995,0.6454556322947785
258,-0.28356342478521834,0.4302917621571024,-0.5638804808267062,0.6453522967236237
259,-0.2793632495607783,0.44227925606890417,-0.5569377812482803,0.645108938291992
260,-0.2750448034132279,0.4541738179376262,-0.5499146161578714,0.6447250686542908
261,-0.2706093324849967,0.4659729285134967,-0.5428129320257055,0.6442002327617063
262,-0.2660581164017873,0.47767409081604795,-0.5356346897736625,0.6435340090242837
263,-0.26139246793777043,0.489274830718465,-0.5283818642688978,0.6427260094647975
264,-0.25661373267212256,0.5007726975263793,-0.5210564438144292,0.6417758798643759
265,-0.2517232886369992,0.5121652645509435,-0.5136604296368303,0.6406832998998357
266,-0.2467225459570273,0.5234501296760619,-0.5061958353711439,0.6394479832726869
267,-0.2416129464804136,0.5346249159196292,-0.4986646865431618,0.6380696778297748
268,-0.2363959634017569,0.5456872719886505,-0.4910690200491865,0.6365481656755217
269,-0.23107310087666896,0.556634872828092,-0.4834108836334209,0.6348832632757379
270,-0.2256458936282887,0.5674654201633484,-0.4756923353631002,0.6330748215529703
271,-0.22011590654580215,0.578176643036176,-0.4679154431015191,0.6311227259733616
272,-0.21448473427506362,0.5887662983339736,-0.4600822839790685,0.6290268966249927
273,-0.2087540008014226,0.5992321713122772,-0.452194943862426,0.6267872882876862
274,-0.20292535902486278,0.6095720761103405,-0.444255516822029,0.6244038904942472
275,-0.1970004903275634,0.61978385625968,-0.43626610459796805,0.6218767275831237
276,-0.19098110413398664,0.629865385185457,-0.4282288160644304,0.6192058587424667
277,-0.18486893746361008,0.6398145667005721,-0.420145766692834,0.6163913780455774
278,-0.1786657544764111,0.6496293354923646,-0.4120190780137786,0.6134334144777241
279,-0.17237334601122797,0.659307657601776,-0.40385087707796463,0.6103321319543253
280,-0.16599352911709742,0.6688475308948896,-0.3956432959161903,0.6070877293304773
281,-0.15952814657771136,0.6782469855267026,-0.3873984709985951,0.6037004404018371
282,-0.15297906642909148,0.6875040843970435,-0.37911854269325057,0.6001705338968355
283,-0.1463481814706184,0.696616923598504,-0.37080565472426613,0.5964983134602373
284,-0.1396374087695349,0.7055836328562877,-0.36246195362952505,0.5926841176280341
285,-0.13284868915904507,0.7144023759598701,-0.35408958821819025,0.5887283197936792
286,-0.12598398673014502,0.7230713511863534,-0.3456907090281281,0.5846313281656653
287,-0.11904528831730657,0.7315887917154319,-0.3372674677833659,0.5803935857164515
288,-0.11203460297815074,0.7399529660358435,-0.3288220168517437,0.5760155701227511
289,-0.10495396146723568,0.7481621783432353,-0.3203565087028679,0.571497793697183
290,-0.09780541570410263,0.756214768929325,-0.3118730953665315,0.5668408033113123
291,-0.09059103823570408,0.764109114562276,-0.30337392789171336,0.5620451803100757
292,-0.08331292169336119,0.7718436288581898,-0.29486115580630734,0.5571115404176311
293,-0.07597317824437799,0.7794167626436284,-0.286336926577705,0.5520405336346308
294,-0.06857393903846203,0.7868270043090747,-0.2778033850743804,0.5468328441269532
295,-0.06111735364908241,0.7940728801532511,-0.2692626730285933,0.5414891901059069
296,-0.05360558950991434,0.801152954718209,-0.2607169285003667,0.536010323699938
297,-0.04604083134651113,0.8080658311151114,-0.2521682853428529,0.5303970308178695
298,-0.038425280603342715,0.8148101513406248,-0.24361887266923504,0.5246501310036948
299,-0.030761154866359275,0.8213845965838527,-0.23507081432129207,0.5187704772829643
300,-0.02305068728120982,0.8277878875237275,-0.22652622833976077,0.5127589560008005
301,-0.01529612596727803,0.8340187846168001,-0.21798722643662383,0.5066164866515669
302,-0.0074997334276764305,0.8400760883753413,-0.2094559134694658,0.5003440217002407
303,0.00033621404465156157,0.8459586396357128,-0.20093438691801246,0.493942546395523
304,0.008209426964563504,0.8516653198169155,-0.19242473636299923,0.48741307857472926
305,0.016117603255941748,0.8571950511692776,-0.18392904296749035,0.48075666846050724
306,0.02405842885634793,0.8625467970132088,-0.17544937896077883,0.4739743984494265
307,0.0320295783249607,0.8677195619679643,-0.16698780712499894,0.4670673828924835
308,0.04002871545363737,0.8727123921703739,-0.15854638028457518,0.4600367678675855
309,0.048053493880948095,0.8775243754834723,-0.1501271407986381,0.45288373094404866
310,0.05610155770902331,0.8821546416949899,-0.1417321200565313,0.44560948093918024
311,0.06417054212305906,0.8866023627056501,-0.13336333797653793,0.438215257666991
312,0.07225807401332368,0.8908667527072338,-0.1250228025079475,0.4307023316790981
313,0.08036177259950474,0.8949470683503686,-0.11671250913658837,0.42307200399788636
314,0.08847925005724268,0.8988426089020005,-0.1084344403939499,0.41532560584197625
315,0.0966081121466826,0.9025527163925111,-0.10019056537001841,0.40746449834407605
316,0.1047459588428978,0.9060767757524526,-0.09198283922993977,0.3994900722612775
317,0.1128903849680081,0.9094142149388584,-0.08381320273464032,0.39140374767786357
318,0.12103898082485248,0.9125645050511104,-0.0756835817655086,0.38320697370069656
319,0.12918933283203027,0.9155271604363266,-0.06759588685328222,0.37490122814726734
320,0.13733902416017418,0.9183017387842561,-0.05955201271122351,0.366488017226464
321,0.14548563536927298,0.9208878412116488,-0.05155383777272832,0.3579688752121497
322,0.15362674504689744,0.9232851123360886,-0.043603223733464314,0.3493453641096173
323,0.16175993044715264,0.9254932403392739,-0.035702015098164175,0.34061907331500674
324,0.16988276813020764,0.9275119570197237,-0.027852038732175288,0.33179161926775996
325,0.17799283460222837,0.9293410378349097,-0.020055103417885578,0.3228646450961985
326,0.1860877069555598,0.9309803019327998,-0.01231299941613101,0.3138398202563094
327,0.19416496350898677,0.9324296121728041,-0.0046274980326926896,0.3047188401638233
328,0.20222218444791634,0.9336888751361279,0.0029996488100066943,0.29550342581967093
329,0.21025695246431494,0.9347580411255276,0.01056670899590223,0.2861953234289147
330,0.2182668533962405,0.9356371041544704,0.018071970632882572,0.27679630401323163
331,0.22624947686680066,0.9363261019257018,0.025513742464866263,0.26730816301706095
332,0.2342024169223842,0.9368251157992357,0.03289035427827314,0.25773271990748914
333,0.24212327266999054,0.9371342707497647,0.040200157302779815,0.2480718177679832
334,0.250009648913508,0.9372537353135171,0.04744152460626189,0.23832732288606343
335,0.25785915678876714,0.9371837215245615,0.05461285148383155,0.22850112433501196
336,0.26566941439721425,0.93692448484059,0.06171255584086471,0.21859513354972954
337,0.27343804743804334,0.9364763240581935,0.0687390785699381,0.20861128389681977
338,0.2811626898386177,0.9358395812176491,0.07569088392156503,0.198551530239032
339,0.288840984383033,0.9350146414972527,0.08256645986865796,0.18841784849414267
340,0.2964705833386501,0.9340019330972231,0.08936431846461329,0.17821223518839996
341,0.3040491490804457,0.9328019271132025,0.09608299619494098,0.16793670700462102
342,0.3115743547130108,0.9314151373993915,0.1027210543223453,0.15759330032507457
343,0.31904388469005696,0.9298421204213593,0.1092770792251801,0.1471840707692301
344,0.32645543543124944,0.9280834750985542,0.11574968272918645,0.1367110927265116
345,0.3338067159362287,0.9261398426365709,0.12213750243243965,0.12617645888415155
346,0.3410954483956494,0.9240119063492029,0.12843920202342435,0.11558227975026532
347,0.34831936879909603,0.9217003914703422,0.1346534715921579,0.10493068317225776
348,0.3554762275396996,0.9192060649557596,0.14077902793428504,0.09422381385068977
349,0.3625637900153228,0.9165297352748246,0.14681461484807817,0.08346383284870089
350,0.369579837226141,0.9136722521922198,0.15275900342426074,0.07265291709712984
351,0.37652216636848246,0.9106345065397022,0.15861099232858988,0.061793258895435146
352,0.3833885914247604,0.9074174299779673,0.16436940807712908,0.050887065408546414
353,0.3901769437493598,0.9040219947486852,0.17003310530414043,0.039936558159764546
354,0.39688507265032097,0.900449213416765,0.1756009670225372,0.02894397251983416
355,0.40351084596667236,0.896700138602913,0.18107190487683059,0.017911557192311744
356,0.41005215064126627,0.8927758627065594,0.18644485938850922,0.006841573695355832
357,0.41650689328897145,0.8886775176192189,0.19171880019379636,-0.004263704159940138
358,0.42287300076007206,0.8844062744283527,0.1968927262737209,-0.015401990794533721
359,0.4291484206987375,0.879963343111823,0.20196566617645495,-0.026570989389629568
360,0.43533112209641045,0.8753499722230004,0.20693667823186146,-0.03776839241793986
361,0.4414190958399777,0.8705674485666137,0.21180485075819497,-0.04899188217788611
362,0.4474103552545807,0.865617096865422,0.21656930226091772,-0.06023913133061919
363,0.453302936640929,0.8605002794177927,0.22122918162357674,-0.07150780343971799
364,0.45909489980697227,0.8552183957462719,0.2257836682906962,-0.08279555351343902
365,0.4647843285938029,0.8497728822372378,0.2302319724426439,-0.0941000285493834
366,0.4703693313956517,0.8441652117717265,0.2345733351624351,-0.10541886808145634
367,0.47584804167383454,0.8383968933475228,0.23880702859442274,-0.11674970472897132
368,0.48121861846453445,0.8324694716926097,0.24293235609485356,-0.1280901647477842
369,0.48647924688027083,0.8263845268700869,0.2469486523742389,-0.13943786858330115
370,0.4916281386049404,0.8201436738746317,0.25085528363151927,-0.15079043142525012
371,0.49666353238229594,0.8137485622206326,0.2546516476799874,-0.16214546376405806
372,0.5015836944977377,0.8072008755220792,0.2583371740649385,-0.1735005719487134
373,0.5063869192532949,0.8005023310643273,0.26191132417302776,-0.1848533587459705
374,0.5110715294356754,0.7936546793678314,0.2653735913333046,-0.19620142390076706
375,0.5156358767772603,0.7866597037439734,0.2687235009099044,-0.2075423646977042
376,0.5200783424099251,0.779519219843083,0.2719606103863772,-0.21887377652346812
377,0.5243973373115742,0.7722350751947723,0.27508450944163576,-0.23019325343004682
378,0.5285913027452704,0.7648091487406947,0.27809482001750435,-0.24149838869860774
379,0.5326587106908405,0.7572433503598536,0.2809911963778573,-0.25278677540388905
380,0.5365980642688609,0.749539620386565,0.28377332515933595,-0.26405600697899195
381,0.5404078981568944,0.7416999291212151,0.2864409254136314,-0.27530367778040077
382,0.5440867789978862,0.7337262763339135,0.2889937486413289,-0.28652738365312946
383,0.5476333058006022,0.725620690761189,0.29143157881730664,-0.29772472249581683
384,0.5510461103320164,0.7173852295958311,0.2937542324076851,-0.30889329482567807
385,0.5543238575015346,0.7090219779700243,0.29596155837833116,-0.3200307043431335
386,0.55746524573696,0.7005330484318975,0.29805343819490887,-0.33113455849599593
387,0.5604690073521075,0.6919205804156073,0.3000297858144907,-0.3422024690430856
388,0.5633339089059627,0.6831867397051193,0.3018905476687248,-0.3532320526171089
389,0.5660587515532965,0.6743337178917796,0.30363570263857675,-0.3642209312867011
390,0.5686423713866456,0.6653637318258491,0.3052652620206398,-0.3751667331174532
391,0.5710836397695638,0.6562790230621189,0.3067792694850466,-0.38606709273181994
392,0.5733814636610636,0.6470818572997461,0.3081778010249759,-0.3969196518677527
393,0.5755347859311613,0.6377745238164545,0.30946096489778196,-0.4077220599359328
394,0.5775425856674391,0.6283593348972465,0.3106289015577633,-0.4184719745754499
395,0.5794038784725505,0.6188386252577482,0.31168178358058873,-0.4291670622078182
396,0.5811177167525832,0.6092147514623624,0.3126198155794048,-0.439804998589165
397,0.5826831899962142,0.5994900913373454,0.31344323411264763,-0.4503834693604783
398,0.5840994250445711,0.5896670433789778,0.31415230758358725,-0.4609001705957627
399,0.5853655863517393,0.5797480261569548,0.3147473361316354,-0.47135280934798607
400,0.5864808762358376,0.5697354777131677,0.3152286515154397,-0.48173910419266347
401,0.5874445351206059,0.559631854956007,0.31559661698780733,-0.49205678576896494
402,0.588255841767428,0.5494396330503486,0.3158516271624856,-0.5023035973181982
403,0.5889141134977398,0.539161304803379,0.3159941078728391,-0.5124772952195419
404,0.5894187064057559,0.5287993800463935,0.3160245160224643,-0.5225756495229021
405,0.5897690155614629,0.5183563850127464,0.3159433394277773,-0.5325964444787494
406,0.5899644752038179,0.5078348617120915,0.31575109665262574,-0.5425374790648195
407,0.5900045589241116,0.4972373673010767,0.3154483368349624,-0.552396567509534
408,0.5898887798394331,0.48656647345063864,0.3150356395056318,-0.5621715398120324
409,0.5896166907561986,0.47582476571007165,0.3145136143993193,-0.5718602422586668
410,0.5891878843236998,0.4650148428680148,0.31388290125770896,-0.5814605379358444
411,0.588601993177621,0.45413931631052284,0.31314416962491337,-0.5909703072390917
412,0.5878586900734956,0.44320080937638373,0.3122981186352163,-0.6003874483782083
413,0.5869576880100614,0.43220195670983164,0.31134547679319874,-0.6097098778783984
414,0.5858987403424748,0.42114540361082764,0.3102870017462986,-0.6189355310772413
415,0.5846816408853615,0.41003380538306666,0.30912348004986795,-0.6280623626173925
416,0.583306224005669,0.39886982667987436,0.30785572692479113,-0.6370883469348846
417,0.5817723647052911,0.3876561408481467,0.30648458600772593,-0.6460114787429159
418,0.5800799786934467,0.37639542927050706,0.3050109290940394,-0.6548297735110036
419,0.578229022448789,0.36509038070584393,0.30343565587349447,-0.6635412679393818
420,0.5762194932712227,0.35374369062838673,0.30175969365877786,-0.6721440204285267
421,0.574051429323415,0.3423580605654801,0.2999839971069204,-0.6806361115437111
422,0.5717249096619887,0.33093619743423697,0.29810954793369415,-0.6890156444744393
423,0.5692400542583833,0.3194808128772222,0.29613735462106383,-0.6972807454886879
424,0.5665970240093733,0.30799462259733523,0.29406845211776245,-0.7054295643818096
425,0.5637960207372451,0.29648034569205434,0.2919039015330736,-0.7134602749200112
426,0.5608372871796166,0.28494070398721477,0.2896447898239045,-0.7213710752782819
427,0.5577211069689156,0.2733784213704809,0.28729222947522537,-0.729160188472674
428,0.5544478046014997,0.2617962231246747,0.2848473581739646,-0.7368258627868233
429,0.5510177453964336,0.25019683526113407,0.2823113384764463,-0.7443663721926062
430,0.5474313354439341,0.23858298385326032,0.2796853574694461,-0.7517800167648342
431,0.5436890215434761,0.22695739437041973,0.2769706264249749,-0.7590651230898731
432,0.5397912911315899,0.21532279101237267,0.27416838044886066,-0.766220044668098
433,0.5357386721993523,0.20368189604437953,0.2712798781232298,-0.7732431623100765
434,0.5315317331995919,0.1920374291331668,0.26830640114298476,-0.7801328845263871
435,0.5271710829438311,0.18039210668390027,0.26524925394636517,-0.786887647910977
436,0.5226573704889841,0.16874864117834837,0.2621097633396958,-0.7935059175179541
437,0.5179912850138375,0.15710974051437626,0.2588892781164141,-0.7999861872317429
438,0.5131735556853361,0.145478107346957,0.2555891686704804,-0.806326980130486
439,0.5082049515147139,0.13385643843084882,0.2522108266042733,-0.8125268488426244
440,0.5030862812034932,0.12224742396510685,0.24875566433106427,-0.8185843758965514
441,0.4978183929793928,0.1106537469395904,0.2452251146721875,-0.8244981740632638
442,0.4924021744221772,0.09907808248362199,0.2416206304489993,-0.8302668866919292
443,0.4868385522794966,0.08752309721697304,0.23794368406973762,-0.8358891880382666
444,0.48112849227274557,0.0759914486033173,0.23419576711139328,-0.8413637835856915
445,0.47527299889300706,0.06448578430633595,0.23037838989669232,-0.8466894103591072
446,0.4692731151871053,0.053008741548606075,0.2264930810663085,-0.8518648372313026
447,0.4631299225338346,0.04156294647345227,0.2225413871464139,-0.8568888652218554
448,0.45684454041041117,0.03015101350991095,0.2185248721116783,-0.861760327788475
449,0.4504181261492057,0.018775544740968042,0.21444511694383567,-0.866478091110712
450,0.4438518746848056,0.007439129275212009,0.210303719185925,-0.8710410543659685
451,0.43714701829148095,-0.0038556573779187087,0.2061022924923311,-0.8754481499977352
452,0.4303048263111043,-0.015106253929160707,0.20184246617473445,-0.8796983439759899
453,0.4233266048715962,-0.026310113926559964,0.19752588474409005,-0.8837906360496948
454,0.41621369659595897,-0.037464706368565914,0.19315420744875655,-0.8877240599913272
455,0.40896748030197505,-0.048567516312930215,0.1887291078088945,-0.8914976838333933
456,0.4015893706926308,-0.059616045481272195,0.18425227314724674,-0.8951106100968437
457,0.3940808180373573,-0.07060781285913648,0.17972540411644577,-0.8985619760113583
458,0.38644330784414,-0.08154035529143389,0.1751502142229347,-0.9018509537274365
459,0.3786783605226067,-0.09241122807307595,0.17052842934766022,-0.9049767505202313
460,0.370787531038143,-0.1032180055346939,0.16586178726363945,-0.907938608985095
461,0.36277240855714943,-0.11395828162326899,0.16115203715053963,-0.9107358072247672
462,0.3546346160834962,-0.12462967047755968,0.15640093910638153,-0.9133676590281746
463,0.34637581008629137,-0.13522980699815457,0.1516102636565074,-0.9158335140407947
464,0.33799768011902986,-0.1457563474120378,0.14678179125993457,-0.9181327579265323
465,0.32950194843022984,-0.15620696983150817,0.14191731181321915,-0.920264812521075
466,0.32089036956564715,-0.16657937480732277,0.13701862415196917,-0.9222291359766973
467,0.31216472996215816,-0.17687128587593448,0.13208753555011843,-0.924025222898457
468,0.30332684753341915,-0.18708045010068008,0.12712586121711172,-0.9256526044717709
469,0.29437857124739736,-0.19720463860678797,0.12213542379311522,-0.9271108485813242
470,0.2853217806958821,-0.20724164711007412,0.11711805284238938,-0.9283995599212883
471,0.27615838565606365,-0.21718929643921028,0.11207558434495563,-0.9295183800968192
472,0.2668903256443169,-0.22704543305140779,0.10700986018668737,-0.9304669877168101
473,0.25751956946226545,-0.23680792954141994,0.10192272764795823,-0.9312450984778796
474,0.24804811473526706,-0.24647468514371662,0.0968160388909739,-0.9318524652395611
475,0.23847798744340432,-0.25604362622772664,0.09169165044593275,-0.9322888780906915
476,0.22881124144511988,-0.2655127067860102,0.0865514226961338,-0.9325541644069711
477,0.2190499579935979,-0.27487990891525166,0.08139721936217545,-0.9326481888996796
478,0.20919624524601638,-0.2841432432899516,0.07623090698537432,-0.9325708536555404
479,0.19925223776578538,-0.29330074962870617,0.07105435441053545,-0.9323220981677249
480,0.18922009601789833,-0.3023504971529556,0.06586943226821489,-0.9319018993579751
481,0.17910200585751446,-0.3112905850380919,0.060678012456598596,-0.9313102715898571
482,0.168900178011911,-0.32011914285681115,0.055481967623144265,-0.9305472666731275
483,0.15861684755590488,-0.3288343310146175,0.050283170646103326,-0.9296129738592137
484,0.1482542733809049,-0.33743434117735066,0.04508349411607204,-0.9285075198278113
485,0.13781473765769828,-0.34591739669065347,0.03988480981770255,-0.9272310686646056
486,0.12730054529312862,-0.3542817529912575,0.03468898821169799,-0.9257838218301087
487,0.11671402338076599,-0.3625256980100107,0.029497897917240064,-0.92416601811963
488,0.10605752064573842,-0.3706475525665274,0.024313405194970477,-0.9223779336143875
489,0.09533340688383754,-0.3786456707553749,0.01913737343066875,-0.9204198816237668
490,0.08454407239504381,-0.38651844032370636,0.013971662619752197,-0.9182922126187452
491,0.07369192741162169,-0.39426428304023664,0.008818128852742045,-0.9159953141565004
492,0.06277940152089723,-0.40188165505548795,0.0036786238018114356,-0.9135296107962043
493,0.05180894308288778,-0.4093690472532055,-0.0014450057914340425,-0.91089556400605
494,0.04078301864292321,-0.4167249855928593,-0.006550918626816858,-0.9080936720615047
495,0.029704112339385306,-0.4239480314431592,-0.011637279354968826,-0.9051244699348341
496,0.01857472530672654,-0.4310367819064932,-0.016702259085079524,-0.9019885291759139
497,0.007397375073916478,-0.4379898701342139,-0.021744035890903773,-0.8986864577843633
498,-0.0038254050415470735,-0.44480596563270036,-0.02676079531487586,-0.8952189000730173
499,-0.01509106654389617,-0.4514837745601154,-0.031750730870219034,-0.891586536522802
