,0,1,2,3,4,5,6,7,8,9,10,11,12,13,14,15,16,17,18,19,20,21,22,23,24,25,26,27,28,29,30,31,32,33,34,35,36,37,38,39,40,41,42,43,44,45,46,47,48,49
0,(0.7414329749010667+0j),(0.9180846133559579+0.7749264425139715j),(0.34002224416133553+0.610826866625639j),(0.39274337073494037+0.9501430038520338j),(0.3823302965444857+0.33487144303668026j),(0.7099624347671915+0.5087345785067808j),(0.6891544191614833+0.4319891182038801j),(0.059040646946242004+0.0996246936919094j),(0.8177992030790799+0.37015977185573545j),(0.5797326843734711+0.3797181181495196j),(0.25952854677819726+0.823253614762037j),(0.7361075017944018+0.5887759849009984j),(0.23143447167264586+0.5797222248757855j),(0.5583266305148517+0.627079650314625j),(0.3098051467493673+0.5930388388627874j),(0.11218334765273108+0.9436618967151266j),(0.5065837579799738+0.6578641059661242j),(0.18119608262006515+0.5459965831650553j),(0.302302129440727+0.8624763088256372j),(0.5432927804731154+0.21711067822718944j),(0.7796543105404593+0.9029802445004445j),(0.5825149726264238+0.7538534382206855j),(0.9062800439452998+0.13771931021364836j),(0.7496818617438834+0.08768054667898117j),(0.651971202849046+0.012638136945825718j),(0.5577081531197766+0.17258346456407847j),(0.931373120890974+0.6080629745944389j),(0.6813600043842111+0.2318655484397406j),(0.380319118579038+0.06956294708256705j),(0.5856782796364758+0.322805486024886j),(0.4872916559235898+0.547995224265828j),(0.12861167252775674+0.22926542834155916j),(0.05715820399369631+0.9234260706981259j),(0.7767633263054914+0.5127166508560573j),(0.49033550151449823+0.5672369084105788j),(0.6347050115023175+0.9193595932853714j),(0.5853826461105028+0.2314546554332113j),(0.875012646502861+0.6740751240541538j),(0.4357897287348452+0.895248895299878j),(0.8062301276145006+0.6490206716776816j),(0.7748007874983098+0.4850833007157134j),(0.19688986051895052+0.9731096816416938j),(0.8365823974034294+0.16315880570652463j),(0.6769325943364696+0.5332606587178386j),(0.276391949379039+0.5502494893431848j),(0.3505998762052138+0.7565909597189456j),(0.3014229720189141+0.13299264904547226j),(0.9491892263246784+0.3433981405899549j),(0.7003219400239962+0.6105266247196814j),(0.8713932587090268+0.6626898153865965j)
1,(0.9180846133559579-0.7749264425139715j),(0.7371231294720083+0j),(0.14604013545875005+0.8054474277835333j),(0.8369114081460817+0.30777318588908775j),(0.2190590593509999+0.6053455975753204j),(0.3540843468797372+0.35708975409597277j),(0.9368452961178484+0.9338569364389553j),(0.45469357761634444+0.35646533180528683j),(0.6452924207549973+0.7145327084828682j),(0.7881495033824922+0.3038114432635407j),(0.8854363490848434+0.9020705376602812j),(0.05192629153972994+0.09365889419210494j),(0.028824458706113498+0.797361764092009j),(0.9432074344276036+0.14018447542865964j),(0.3499004536568322+0.8073984988144153j),(0.5485330911170928+0.4928615221388931j),(0.8152289559984807+0.7526655254165189j),(0.6589171284715925+0.3678781387480816j),(0.7825979651461141+0.9888800353346423j),(0.6648488765690171+0.4506554480245585j),(0.19435801280433995+0.6737435514693181j),(0.8587238763151951+0.36098116933385915j),(0.8505956891073103+0.11443089242649329j),(0.14344982513884175+0.3915899856217815j),(0.05264265576094651+0.2404125428124585j),(0.26644948190296935+0.8207298700095085j),(0.440548496579493+0.3996023527263384j),(0.5987605006218685+0.09534741455636053j),(0.3951690290889346+0.9948297843284446j),(0.9961310477564843+0.8658196865853913j),(0.13456506529199552+0.5121098902168876j),(0.7938184904307964+0.062227265878013305j),(0.4573849155894393+0.22171822980327238j),(0.23594014090331616+0.768860826013843j),(0.8786530501839561+0.11326970659034563j),(0.02346306478511928+0.5697314420233849j),(0.1862318641235695+0.8634384094070099j),(0.9620060245696229+0.2901180692845414j),(0.6578224793546033+0.07624923189266497j),(0.5656932116410451+0.48503104449789647j),(0.02683404307897075+0.809742815431131j),(0.7249460268285227+0.9204659027348119j),(0.22676066193835476+0.7096117907298922j),(0.30491741305623854+0.675445498933348j),(0.9782584845587248+0.4687601080091127j),(0.43869592480624864+0.43627633913572905j),(0.39190154981653647+0.8099756861853236j),(0.25277242310491543+0.07795741510519172j),(0.609470029799847+0.702792782478417j),(0.6586033904447149+0.12913582865269935j)
2,(0.34002224416133553-0.610826866625639j),(0.14604013545875005-0.8054474277835333j),(0.06060033281736965+0j),(0.10268851264433354+0.1696987164823035j),(0.3480335956294913+0.9792312221431475j),(0.5522140219162183+0.48857501937301184j),(0.9859588513531662+0.1095471503511185j),(0.3380206756753179+0.5094733504755268j),(0.03726422406101637+0.7763031546752334j),(0.63371993210737+0.24509601424214456j),(0.028508509680883476+0.22246863647995097j),(0.5814701044707512+0.02031208416590702j),(0.937636257960628+0.08275781966335294j),(0.7237531894898198+0.3538271487242829j),(0.9318646877464011+0.22270503999075986j),(0.07120706679748412+0.5144321812807678j),(0.16875180409498836+0.27697720379293245j),(0.2930113099492273+0.1370931280173977j),(0.40778928850465623+0.975449429942316j),(0.8849346327729297+0.4409972059331133j),(0.8129683788007919+0.8136636429330922j),(0.6789062885517367+0.4889739079013785j),(0.03780382580516828+0.804153596167103j),(0.24682505530904641+0.9412246834503605j),(0.815681782531174+0.6184748840025778j),(0.7606643395363325+0.8323571479928319j),(0.8499060532255481+0.643310590136313j),(0.4300713217485673+0.13962291035149366j),(0.915917218103002+0.5522668490729277j),(0.5521310956821966+0.797619304589656j),(0.27550250838324397+0.3849420558351485j),(0.4300665620910894+0.8393300437319569j),(0.38417973731585753+0.008173366954417616j),(0.624798805993476+0.1189968263788237j),(0.7004758185325497+0.9054337164000739j),(0.7061288210850534+0.4214188515508054j),(0.7902348332773181+0.2718432147494617j),(0.3437094753265558+0.5081989764198286j),(0.09353889337473087+0.12800423160418573j),(0.23577597728933042+0.11713972455433475j),(0.7016199276706958+0.16518166213772723j),(0.6833743146438276+0.43576087119531426j),(0.29023351984740564+0.8436064534462201j),(0.8821357384912563+0.2072560034205203j),(0.5385719868036649+0.7413786846807816j),(0.4815214254937351+0.552197118807613j),(0.7639076300053376+0.8098044704028418j),(0.8408577047844299+0.95015156943164j),(0.024116658431697302+0.8292994815586405j),(0.26675660826813685+0.2201988640789062j)
3,(0.39274337073494037-0.9501430038520338j),(0.8369114081460817-0.30777318588908775j),(0.10268851264433354-0.1696987164823035j),(0.7377868957971108+0j),(0.09648073491477849+0.6413910807372758j),(0.16108057921664076+0.2839363592975226j),(0.3149767250566107+0.5610624839314415j),(0.01634533935065874+0.12295245637366548j),(0.5695383905124671+0.184138021541966j),(0.306919877241436+0.9638412029802453j),(0.4625194220835015+0.8786459934924892j),(0.6914909403843004+0.9612502241356033j),(0.04038460376616382+0.21439331373582293j),(0.2381257651662696+0.3224309971886007j),(0.25807286258760265+0.36230900321373294j),(0.3360172433603479+0.14734132559287905j),(0.45481182120455044+0.6963279748608907j),(0.2132604725497811+0.9870336419802982j),(0.5830800011745838+0.11750983629266021j),(0.8603133044574207+0.22249978767145928j),(0.17046988468802393+0.26086460886954266j),(0.07860734300017602+0.17125963172461556j),(0.5524538131691008+0.3003231621335357j),(0.061235083706374094+0.011849298995082136j),(0.4078901139044083+0.09386342986099716j),(0.49062476658843635+0.027962715139903338j),(0.6060444290332261+0.2601568319100904j),(0.8286640933188748+0.027903323882419118j),(0.9451459892555452+0.3075463267038765j),(0.8335122325187222+0.14286332891037035j),(0.06568414875813933+0.4288189030988313j),(0.981938857595847+0.9093499551904854j),(0.23980467101104774+0.9497558362600197j),(0.2728160577079555+0.48256156337660294j),(0.7193696555513444+0.6172378182937254j),(0.6723412789517683+0.019463802675959485j),(0.3828628229868589+0.6862295108409091j),(0.42684220990631816+0.6605950037768097j),(0.6784151110936189+0.668465395287157j),(0.6718659722175756+0.045080411004540855j),(0.3609938288147442+0.28494480233920805j),(0.8272965459549972+0.6693225667175764j),(0.7086685446701138+0.315487000754919j),(0.7164844768045121+0.4182754678560374j),(0.4472761714476312+0.025443617829796428j),(0.7929261768871447+0.5481124108723172j),(0.8238858927123476+0.9404345628847449j),(0.7499006639969237+0.9233290174616451j),(0.14585921777026445+0.8645783434414686j),(0.03265573588703796+0.3023520586191062j)
4,(0.3823302965444857-0.33487144303668026j),(0.2190590593509999-0.6053455975753204j),(0.3480335956294913-0.9792312221431475j),(0.09648073491477849-0.6413910807372758j),(0.7233643762591737+0j),(0.2005396810685225+0.4162705275792933j),(0.18285143949050042+0.39737574302120415j),(0.23705013614338466+0.38515491786570066j),(0.41797047366043916+0.4642993728743954j),(0.1810821436372746+0.530348493245348j),(0.4926012718835523+0.3428880326378607j),(0.7666021791951612+0.849304236636656j),(0.8597961900778794+0.8395409812396463j),(0.5021002260621439+0.2500291950068164j),(0.8852159410464671+0.39320842272495304j),(0.8154999177973056+0.631689510256567j),(0.5428859823157123+0.6023207978460751j),(0.16026852489407173+0.4515564253484893j),(0.7601286390054404+0.19977875621188923j),(0.06185751577897014+0.34804281944916193j),(0.4579419800527248+0.13026397176041016j),(0.2905722459947241+0.8136940471617271j),(0.5268576619528339+0.47737471349901395j),(0.26056326074530434+0.574984362547908j),(0.9619757394977705+0.1535814120377138j),(0.3851509974118462+0.023950073885121492j),(0.14114013109733958+0.6337867432228441j),(0.7608113821164284+0.986859664518811j),(0.08041345972092928+0.6831241734834622j),(0.7176627953460184+0.7161331499737844j),(0.2168379159333419+0.4337547498501324j),(0.5325699383462369+0.24730825049365035j),(0.9966188600567591+0.36703013039903765j),(0.4416853778058216+0.834951224646721j),(0.33322060499693085+0.003630428216838677j),(0.4989591499456858+0.23085037353688698j),(0.1654466602092256+0.7926461112812436j),(0.210466273901862+0.6226148842734137j),(0.26059290708787985+0.6346395358015131j),(0.23501810717746163+0.4599778713249002j),(0.5850657199375778+0.7179420908051513j),(0.651997177024662+0.2563808242523826j),(0.3760446937784442+0.14749290449182484j),(0.9753012658942526+0.36698111985418314j),(0.039267638965948204+0.9147905393397409j),(0.4634621825731863+0.3856783283474968j),(0.18593668895271198+0.030124890646748725j),(0.605076223083342+0.06635207879832972j),(0.4947338981189825+0.6466731649036985j),(0.9607565781362486+0.8990375180607231j)
5,(0.7099624347671915-0.5087345785067808j),(0.3540843468797372-0.35708975409597277j),(0.5522140219162183-0.48857501937301184j),(0.16108057921664076-0.2839363592975226j),(0.2005396810685225-0.4162705275792933j),(0.09358950999764704+0j),(0.5084812794807864+0.4746470785272213j),(0.8834497864920212+0.6313084427628447j),(0.8296682528006086+0.7250590714906069j),(0.048217357607194034+0.4456060270286355j),(0.1984044649543506+0.4368216475018568j),(0.042792053392724405+0.8696142660264704j),(0.38274447702165604+0.8948931567636196j),(0.9835657138769234+0.022830921938656434j),(0.9938782557733586+0.44526002844923496j),(0.5012379248963855+0.7166258185287758j),(0.6351607352374691+0.36651898912733205j),(0.8003365873683134+0.4771405158145615j),(0.9409854817264255+0.9350868741723579j),(0.9094186943877705+0.3611381987077231j),(0.20085680710494436+0.9637404943670436j),(0.3520095870842065+0.8477874238569165j),(0.8275171738244453+0.5767538497539287j),(0.5901264693774738+0.7407352017131692j),(0.38458525051786074+0.7822031208785438j),(0.602081311749061+0.8163901568128464j),(0.5554108489588943+0.1696893719359941j),(0.4280265339373005+0.207913202147745j),(0.3371668635974159+0.43738648786650947j),(0.2849441913577293+0.7461807428056578j),(0.20671577156775878+0.37984580862868633j),(0.47858921153719436+0.9432270843498508j),(0.8861009801628467+0.07377498162782581j),(0.8496920571684197+0.8669318139430077j),(0.559251337143957+0.7160625344284288j),(0.37933553613542204+0.10887758266740044j),(0.2193804669667958+0.16685330165910417j),(0.6642382295014198+0.007335988617866662j),(0.4469900846045207+0.6351106769804756j),(0.6990719506615906+0.32392677267285774j),(0.9604670109796045+0.9870398641380949j),(0.8884481107789461+0.879393099226552j),(0.2454312879420466+0.14613218447655563j),(0.5543852497512862+0.06500438688760046j),(0.9807843854799008+0.7031980663264155j),(0.0770852914518636+0.8107048011397666j),(0.2665419022296842+0.11727845621471256j),(0.7790301601802839+0.7803887677358706j),(0.9776152602826093+0.11349305150421762j),(0.37181565304004827+0.8716514763712832j)
6,(0.6891544191614833-0.4319891182038801j),(0.9368452961178484-0.9338569364389553j),(0.9859588513531662-0.1095471503511185j),(0.3149767250566107-0.5610624839314415j),(0.18285143949050042-0.39737574302120415j),(0.5084812794807864-0.4746470785272213j),(0.847152830183451+0j),(0.35854401356418286+0.04851553788100349j),(0.6589224888025295+0.8697397670366509j),(0.4917248149691086+0.7234761667346795j),(0.738276935874666+0.21802218866388612j),(0.43571940601558035+0.9466066487091166j),(0.06555113112178179+0.6486639838639618j),(0.4039945948166732+0.5672176342406856j),(0.0643125182329296+0.4382796089642109j),(0.5288719614309916+0.1681745808551286j),(0.4055761631242494+0.6208530232543896j),(0.5074190470245686+0.3822637714941509j),(0.8466153491079724+0.3254764435868973j),(0.7425550104578547+0.8316490526031413j),(0.6118491582946265+0.19482563306043688j),(0.7637159677459338+0.4247271938846233j),(0.1789044090080587+0.9854882922406908j),(0.8506141441811389+0.8300929523475744j),(0.9332374395021925+0.4401534918066571j),(0.5154225710285075+0.7631689368213344j),(0.9868114560054411+0.6123765509903188j),(0.11740419012859593+0.7495855513792343j),(0.42878410835543623+0.5274146394698754j),(0.9573486775347366+0.017927950752775867j),(0.31283231511455023+0.6718028743698837j),(0.25945487937243805+0.1275461745754376j),(0.6463025955063244+0.7015251936348458j),(0.11211626381936424+0.7291989027763588j),(0.22723012452997593+0.2865962245049435j),(0.8987031691811938+0.3484308852632356j),(0.9213955059883818+0.24826227311479387j),(0.7858838350041022+0.0739030604566383j),(0.5394385983792092+0.07694207211564463j),(0.9903828653709+0.24448271739007366j),(0.74644359178221+0.6449252854476588j),(0.7180738855903025+0.599697592096234j),(0.949082937811768+0.7985602196915811j),(0.05914641107121654+0.8735750798560789j),(0.3120053199513253+0.5486006023444139j),(0.7916408378801644+0.15327285195136964j),(0.9472066335896641+0.476337526565777j),(0.3616087665502884+0.010716202632462979j),(0.35915424298909704+0.9829698964999916j),(0.2749459028388709+0.787919587570402j)
7,(0.059040646946242004-0.0996246936919094j),(0.45469357761634444-0.35646533180528683j),(0.3380206756753179-0.5094733504755268j),(0.01634533935065874-0.12295245637366548j),(0.23705013614338466-0.38515491786570066j),(0.8834497864920212-0.6313084427628447j),(0.35854401356418286-0.04851553788100349j),(0.4220585223663361+0j),(0.2776648949618056+0.08737541516826397j),(0.9925531634149503+0.08405776684090838j),(0.43237070881244766+0.989868714130488j),(0.3191038912981614+0.6172099965865712j),(0.3584519650353778+0.7863995709068128j),(0.6441575363626216+0.19839058155336053j),(0.46829388259434057+0.4913735399623438j),(0.1702533368239013+0.34218398240071624j),(0.4664350893931779+0.7015544061684817j),(0.19171184689573162+0.007913893625684842j),(0.3379423056790074+0.8722866391392037j),(0.4936583630648823+0.7006037018224518j),(0.7746934262485493+0.2356976726884097j),(0.6063875215537206+0.8657734890763121j),(0.12270645278538617+0.8388771453526493j),(0.8453040668941948+0.1584887523221009j),(0.9957800603842698+0.9064225786492361j),(0.6096518924351448+0.6253859526086132j),(0.24662802282174912+0.2676918773597251j),(0.09007724026027986+0.21131288849536278j),(0.9647265970379938+0.39330450169746056j),(0.8744049107225789+0.05939013243271796j),(0.08937634908476833+0.24699719713097423j),(0.741621785808192+0.32119955897207375j),(0.2660569914051669+0.1917865471342486j),(0.19463267586525845+0.2616528401954822j),(0.8253947864642182+0.626913390386598j),(0.184589770004278+0.7470975351283771j),(0.816728714669689+0.5157460743665742j),(0.01354381696720941+0.575356683245518j),(0.3232868878076456+0.5079722998177989j),(0.6486071159061769+0.083128358578193j),(0.34510213334121964+0.5493372847661505j),(0.2987469939231283+0.5653090935371895j),(0.22917448852795974+0.5219992856757026j),(0.8515330875470842+0.8307927743827581j),(0.04523209463814981+0.8478653082493675j),(0.26151527601762814+0.05129402755179602j),(0.7881692203235162+0.27145768356014666j),(0.8218306071606647+0.30430751330907746j),(0.5574412189178168+0.08583439678826787j),(0.3004057413100789+0.029871118851931167j)
8,(0.8177992030790799-0.37015977185573545j),(0.6452924207549973-0.7145327084828682j),(0.03726422406101637-0.7763031546752334j),(0.5695383905124671-0.184138021541966j),(0.41797047366043916-0.4642993728743954j),(0.8296682528006086-0.7250590714906069j),(0.6589224888025295-0.8697397670366509j),(0.2776648949618056-0.08737541516826397j),(0.21413793257735436+0j),(0.7189646474724638+0.21659199598387058j),(0.10245906625391521+0.45779517298367756j),(0.536153758465709+0.2252085492371575j),(0.6444202621268899+0.17611267479883652j),(0.28382008548453297+0.8835104539077218j),(0.15275332851224233+0.41291805399700143j),(0.7401967999880658+0.7744396581879303j),(0.9048847613695156+0.4166488222086032j),(0.2754693047150687+0.7984597570503681j),(0.3358975285664194+0.5075850099511601j),(0.5268913941304361+0.10631328783301319j),(0.7511994643682113+0.8426100444806538j),(0.9052628713483573+0.7332008940596153j),(0.8692754149365371+0.576184020636235j),(0.3001621588012039+0.4509359671398606j),(0.06033755317656775+0.5350134851787108j),(0.15081907248282123+0.6958305474054536j),(0.9151887462217829+0.5085205376317359j),(0.5861945773956848+0.7482393349273975j),(0.2806739028073304+0.17443666229414656j),(0.28639769607591514+0.48279770022502644j),(0.5460020451163982+0.5413894153682975j),(0.868787090632157+0.6769606978124617j),(0.09202283614399986+0.5689043451949544j),(0.8256560179979257+0.7254029963382481j),(0.6025302147500657+0.5548900591787492j),(0.8561863245815857+0.12532442955274237j),(0.9360378322924884+0.7896331322729185j),(0.052193417460161595+0.8870145148549943j),(0.10522742675314956+0.22560454664569107j),(0.9221363408953593+0.9451799993244557j),(0.8259676485094937+0.9257919473253302j),(0.08252239466133571+0.08773921156303732j),(0.972667667476198+0.31815328370289175j),(0.5602102876049627+0.5734828901277842j),(0.3272057933059014+0.9408772015744091j),(0.8804834698317966+0.8932458394244017j),(0.7466893202956508+0.5050433696540669j),(0.08492140946796267+0.16987170919118422j),(0.49584900543491683+0.8604357523211342j),(0.7348850194335481+0.7125355202921347j)
9,(0.5797326843734711-0.3797181181495196j),(0.7881495033824922-0.3038114432635407j),(0.63371993210737-0.24509601424214456j),(0.306919877241436-0.9638412029802453j),(0.1810821436372746-0.530348493245348j),(0.048217357607194034-0.4456060270286355j),(0.4917248149691086-0.7234761667346795j),(0.9925531634149503-0.08405776684090838j),(0.7189646474724638-0.21659199598387058j),(0.6130533628327635+0j),(0.37669585136230865+0.6311646143545308j),(0.5071934338833668+0.34201311863877937j),(0.9254783265462815+0.9341877268652883j),(0.6886687006079871+0.6554580796876491j),(0.823662435706765+0.8430357688304171j),(0.07640629993488601+0.8314866902731897j),(0.11363967869662162+0.02791013034188705j),(0.4093951511450177+0.9037029648774628j),(0.844380158576053+0.04946398646883743j),(0.8863346542861975+0.5497727167004183j),(0.951105823875737+0.9968640181403148j),(0.08691972036563766+0.5635906862741706j),(0.7390319041920534+0.922370422438852j),(0.5636777905113671+0.7155006410890501j),(0.40837077327424365+0.2658989674170831j),(0.8961476842542603+0.3049444949884649j),(0.5945383735813705+0.48584866062316845j),(0.33893812163073944+0.90271387200204j),(0.26820331540081455+0.7193269006745198j),(0.8140838901866829+0.4347860595052264j),(0.24640497784371773+0.7798852459478749j),(0.7394177993270719+0.7054550197504261j),(0.4087881242583351+0.8962985333004788j),(0.7429348269954407+0.18022097596222386j),(0.623035123113516+0.2125419532627263j),(0.6717851043032458+0.47063132953414477j),(0.0924448700742172+0.7747170303096944j),(0.7865325446675686+0.19060827395190638j),(0.8339553116865274+0.8316199176677853j),(0.7593048083858999+0.8896274005074719j),(0.04418609232329074+0.5424240090850335j),(0.3758782277625352+0.9094429054287078j),(0.17182634501263916+0.3160303540891839j),(0.5982568131825561+0.7581947890622317j),(0.6077789887104501+0.4106122307496667j),(0.33080966327775707+0.24385319616560952j),(0.7774795425944927+0.21456633649128043j),(0.6679064552500378+0.46932647138866734j),(0.2092106160931474+0.4895556102477663j),(0.7449977811569402+0.9513119750492715j)
10,(0.25952854677819726-0.823253614762037j),(0.8854363490848434-0.9020705376602812j),(0.028508509680883476-0.22246863647995097j),(0.4625194220835015-0.8786459934924892j),(0.4926012718835523-0.3428880326378607j),(0.1984044649543506-0.4368216475018568j),(0.738276935874666-0.21802218866388612j),(0.43237070881244766-0.989868714130488j),(0.10245906625391521-0.45779517298367756j),(0.37669585136230865-0.6311646143545308j),(0.5669418276931288+0j),(0.39661565593987613+0.08886039552325908j),(0.7077102412964452+0.10469244585922755j),(0.6630142963527046+0.2503796449432196j),(0.6872530040310578+0.7766028443333661j),(0.9153453632833448+0.01710617378305923j),(0.05767038223091492+0.45555336854640216j),(0.9347539782396534+0.7066288222825595j),(0.7429049060530549+0.5537765517770286j),(0.05193901855019467+0.4201170457748282j),(0.3698530627299971+0.8676154792871815j),(0.3805841164863948+0.16144739503522987j),(0.6122274835799137+0.41022943352925245j),(0.0664260197814418+0.503048973442083j),(0.1126055576066064+0.1127218249223002j),(0.8737939401859949+0.04930391903549769j),(0.5385227390563141+0.3519597457136059j),(0.4582056129005829+0.6528076489965017j),(0.31542326435266044+0.2676601344438898j),(0.9495267683823656+0.7118266989495919j),(0.7605504747134791+0.5766004704975091j),(0.7955912664963791+0.2587038654254893j),(0.6058367533999068+0.0376034941614547j),(0.7177933973864011+0.09402549550225814j),(0.24197525707710588+0.13975326040886782j),(0.019642667867844743+0.4987274359367625j),(0.5729379988452953+0.7517830840703478j),(0.6990298457911833+0.45929709866861057j),(0.6615100069395042+0.9228973150483194j),(0.973725818134753+0.07658365174760662j),(0.8291934864181715+0.8522602783820186j),(0.6971524166081142+0.2076689232527067j),(0.20768635914116518+0.18515648564997655j),(0.8436646041481074+0.8271222533156875j),(0.41518633544601935+0.693519834145117j),(0.992080301619504+0.5437196290154804j),(0.11393437560365949+0.9395867797569598j),(0.4778137809058741+0.9004806291480973j),(0.0386142572213376+0.7380985766947443j),(0.7649477444481216+0.5979270242019203j)
11,(0.7361075017944018-0.5887759849009984j),(0.05192629153972994-0.09365889419210494j),(0.5814701044707512-0.02031208416590702j),(0.6914909403843004-0.9612502241356033j),(0.7666021791951612-0.849304236636656j),(0.042792053392724405-0.8696142660264704j),(0.43571940601558035-0.9466066487091166j),(0.3191038912981614-0.6172099965865712j),(0.536153758465709-0.2252085492371575j),(0.5071934338833668-0.34201311863877937j),(0.39661565593987613-0.08886039552325908j),(0.7667439972687344+0j),(0.48938389016816686+0.3508995124466918j),(0.6381899524765026+0.8370966722665593j),(0.0814141885999442+0.8186106368884954j),(0.5137453711146067+0.7152192689210845j),(0.07030028246656228+0.9700919703262604j),(0.17461540053919+0.17399130396092444j),(0.9464260951213227+0.46779597969384556j),(0.2751541410897168+0.3147349920975656j),(0.5047558820593508+0.9556950715910764j),(0.21727322973871588+0.10930659279778288j),(0.5807541844639132+0.34471107699106307j),(0.3622041697508983+0.09994096035897759j),(0.6529348173856426+0.9076363055737611j),(0.4622321547900594+0.9815162169760363j),(0.72595835293096+0.9310873870023225j),(0.5242792776022572+0.3861054675971709j),(0.8267388525487716+0.7285790407436997j),(0.37084671455348894+0.13331128154911553j),(0.7780319244136952+0.37063553533834315j),(0.036988874249028636+0.6158804956754305j),(0.22828837642136257+0.42095713874948204j),(0.16967828968111043+0.6789260745991618j),(0.8114452331007341+0.9500004357197861j),(0.933535794146762+0.5999737543150478j),(0.9125274199316119+0.2618500333409516j),(0.15679534962394825+0.41215261512345414j),(0.8460642367038893+0.2823545241075448j),(0.962085949538911+0.46015169813548773j),(0.5304934563053747+0.3030912357134623j),(0.8508375968826709+0.2300003318135787j),(0.4888272019287615+0.7505764893208727j),(0.2857044367756226+0.11794905270928768j),(0.6617652715398507+0.6894779267214487j),(0.5144208727750035+0.4685918811570915j),(0.5910303044997672+0.5644118868246644j),(0.13167637778647467+0.8339896968631132j),(0.5532583235473832+0.48739722443152766j),(0.03785459577325656+0.3947660792497204j)
12,(0.23143447167264586-0.5797222248757855j),(0.028824458706113498-0.797361764092009j),(0.937636257960628-0.08275781966335294j),(0.04038460376616382-0.21439331373582293j),(0.8597961900778794-0.8395409812396463j),(0.38274447702165604-0.8948931567636196j),(0.06555113112178179-0.6486639838639618j),(0.3584519650353778-0.7863995709068128j),(0.6444202621268899-0.17611267479883652j),(0.9254783265462815-0.9341877268652883j),(0.7077102412964452-0.10469244585922755j),(0.48938389016816686-0.3508995124466918j),(0.5256164914368177+0j),(0.20779013741731245+0.30122415913966105j),(0.3585707706579082+0.32130005510701987j),(0.48416120971946075+0.8440556871371442j),(0.05383777559579139+0.5157900364013088j),(0.3729546029527555+0.9385010909991051j),(0.11917790431297293+0.8142367547769688j),(0.9796103925436103+0.9677469622735007j),(0.8549619649576076+0.6611172942374599j),(0.8244059222341281+0.9649291977455043j),(0.8936570901578077+0.09802614476412652j),(0.8338199192232992+0.08413623699607142j),(0.8411291754923461+0.369606788967216j),(0.8041305819091213+0.85039905640875j),(0.4936736493167526+0.33741645985484225j),(0.8065280205892178+0.0963702977883556j),(0.8462904246283602+0.5286921793687201j),(0.9906813146425385+0.8637395680831503j),(0.6459904330985005+0.7853024249217707j),(0.45423964437352937+0.6156752938249408j),(0.48453591957079023+0.5479977924150568j),(0.34919236910950224+0.30655827433695937j),(0.43005889553670174+0.493152213713301j),(0.5644264262937374+0.1845913701695716j),(0.6730196197308483+0.2728672593155467j),(0.35249421585870166+0.01473583581136828j),(0.7933848403416602+0.5356582154394519j),(0.907935588506271+0.06843435324825031j),(0.31816796943696757+0.42485281220874116j),(0.6330549720159174+0.10063433719812842j),(0.3565123451647261+0.9688218198114734j),(0.4081870747699684+0.66727275519882j),(0.5543993991779285+0.6891125916516007j),(0.5966496226296887+0.7091868277024781j),(0.8491858029385461+0.7384049370500363j),(0.45506109138266926+0.45083116544392754j),(0.40265494580611416+0.7772379322717284j),(0.15361540609044733+0.7656445483713978j)
13,(0.5583266305148517-0.627079650314625j),(0.9432074344276036-0.14018447542865964j),(0.7237531894898198-0.3538271487242829j),(0.2381257651662696-0.3224309971886007j),(0.5021002260621439-0.2500291950068164j),(0.9835657138769234-0.022830921938656434j),(0.4039945948166732-0.5672176342406856j),(0.6441575363626216-0.19839058155336053j),(0.28382008548453297-0.8835104539077218j),(0.6886687006079871-0.6554580796876491j),(0.6630142963527046-0.2503796449432196j),(0.6381899524765026-0.8370966722665593j),(0.20779013741731245-0.30122415913966105j),(0.9001533476741997+0j),(0.15717588055812926+0.37307823112972194j),(0.418232964689641+0.37312436342892896j),(0.45091619270653893+0.5810805430038593j),(0.1889511791669125+0.5871977351703295j),(0.988658143004997+0.17007861248145195j),(0.40383281196767395+0.5420139564631526j),(0.5956440727437509+0.11183571515067392j),(0.5762015291003408+0.6952827383027079j),(0.9933382932005934+0.03766933147635654j),(0.7636360846405011+0.5684522774926223j),(0.8862663827426095+0.6594811499546205j),(0.5979018462441285+0.5137518812494254j),(0.7931412599000136+0.049063951026823927j),(0.9386198540984535+0.48339846539334197j),(0.9530392486646223+0.1702215607462142j),(0.5518918625618009+0.490881931056915j),(0.8761370897543519+0.5999491899591174j),(0.6503527731120069+0.7048311161832798j),(0.8326209394293036+0.3936673126676551j),(0.946079026400452+0.7822026515523027j),(0.1001216459045472+0.7580552071721252j),(0.8824377611384266+0.1592821297572211j),(0.07895146977593204+0.7596945110864485j),(0.944889676899363+0.5731247082292821j),(0.10520975214882977+0.1884400377262785j),(0.10493033436678534+0.7652530385455883j),(0.7073324574679133+0.8737152841067561j),(0.8680906803572971+0.5901031184978633j),(0.39445531685104873+0.6489500552666105j),(0.39969076280772575+0.5500034338126074j),(0.8786090698822415+0.9271344424895775j),(0.6484595429323957+0.3067810039694938j),(0.36134444459111836+0.3526985939052002j),(0.7336242924771476+0.2016463506473254j),(0.26595368222646576+0.20168346941369397j),(0.48449556722882614+0.6414846635237877j)
14,(0.3098051467493673-0.5930388388627874j),(0.3499004536568322-0.8073984988144153j),(0.9318646877464011-0.22270503999075986j),(0.25807286258760265-0.36230900321373294j),(0.8852159410464671-0.39320842272495304j),(0.9938782557733586-0.44526002844923496j),(0.0643125182329296-0.4382796089642109j),(0.46829388259434057-0.4913735399623438j),(0.15275332851224233-0.41291805399700143j),(0.823662435706765-0.8430357688304171j),(0.6872530040310578-0.7766028443333661j),(0.0814141885999442-0.8186106368884954j),(0.3585707706579082-0.32130005510701987j),(0.15717588055812926-0.37307823112972194j),(0.5257232427923609+0j),(0.6878317625195884+0.4902728503679339j),(0.9492179785545951+0.05352188819325132j),(0.48651146293036596+0.9399994148419595j),(0.17155864114688302+0.9709502802324446j),(0.17463870183561858+0.7532516454839098j),(0.0990285397389925+0.8498809437661959j),(0.7591061976673285+0.6548039186482927j),(0.13417695556270404+0.11695262099891846j),(0.18136090244313463+0.11796711850735186j),(0.4025443060400291+0.04236121230968559j),(0.7275975660623244+0.8802953602323395j),(0.1752788174221095+0.32435483492805095j),(0.941668582799733+0.26056443955235886j),(0.14621607926973124+0.5805081240477428j),(0.6851235385502681+0.6578654251424195j),(0.25860377500410825+0.776109259569102j),(0.41305084991638374+0.41741636971776985j),(0.4728012098725649+0.13326187749770513j),(0.4664483769499689+0.8870871418489632j),(0.6727184143549463+0.42896471781690304j),(0.7135900505292033+0.8025771523959858j),(0.3688245080832062+0.005287028427301443j),(0.36165333869104854+0.5751401950654188j),(0.15955946581711322+0.15819438452748802j),(0.3759616946923032+0.4132375011971259j),(0.3153720252755817+0.33148013963791645j),(0.5697654565932609+0.5473543937284429j),(0.3892944916233825+0.9284182236948986j),(0.6077117640378348+0.6373750246563625j),(0.16207141384795698+0.2196428303956357j),(0.34685048475011504+0.26826216225341826j),(0.1296137927051565+0.5593431435397758j),(0.16163508010684635+0.30793016330321865j),(0.755978602324634+0.33655531145878603j),(0.5499235065176242+0.29331566125850794j)
15,(0.11218334765273108-0.9436618967151266j),(0.5485330911170928-0.4928615221388931j),(0.07120706679748412-0.5144321812807678j),(0.3360172433603479-0.14734132559287905j),(0.8154999177973056-0.631689510256567j),(0.5012379248963855-0.7166258185287758j),(0.5288719614309916-0.1681745808551286j),(0.1702533368239013-0.34218398240071624j),(0.7401967999880658-0.7744396581879303j),(0.07640629993488601-0.8314866902731897j),(0.9153453632833448-0.01710617378305923j),(0.5137453711146067-0.7152192689210845j),(0.48416120971946075-0.8440556871371442j),(0.418232964689641-0.37312436342892896j),(0.6878317625195884-0.4902728503679339j),(0.11795346324259703+0j),(0.13661891605287269+0.9755027585152329j),(0.9572406468526449+0.11600566659901779j),(0.9576408738675648+0.19980188828723722j),(0.6904914686707752+0.05751841405634128j),(0.8988431145906797+0.14928642622940846j),(0.9595962141598748+0.033912250265790256j),(0.4707571158087249+0.28390123855731864j),(0.7518230805356825+0.8226451333634309j),(0.6826566903068987+0.2083992736113598j),(0.9258982695378518+0.6331919676759353j),(0.7167038499819837+0.9551713957190008j),(0.4878250840756547+0.9856093181981547j),(0.02185961594352981+0.6442570063677893j),(0.6479937327732241+0.07382649867884405j),(0.7436949089041219+0.9454447882236047j),(0.3587252275236308+0.8315162051847502j),(0.09966638552947082+0.13339493283519188j),(0.7529913638758836+0.7639636306515275j),(0.37848107498263217+0.929771456115084j),(0.4763701754814019+0.22352125941879986j),(0.6523156309334517+0.6639115557445341j),(0.2995079865092488+0.7162143992081389j),(0.8068372727359133+0.14528473523984164j),(0.1336942350549325+0.5750330069219624j),(0.140248085254163+0.9742304184315894j),(0.24120273361669986+0.8650755181986753j),(0.2259783577317741+0.918271325285019j),(0.20755867087549285+0.28328190133130493j),(0.5569807297529983+0.9483484928990755j),(0.5817208615064259+0.24911474884113194j),(0.7829003525653819+0.10947789746296943j),(0.281022950830745+0.04359883245955143j),(0.6430927439914347+0.9675664015662209j),(0.5213525439678746+0.5903609386296624j)
16,(0.5065837579799738-0.6578641059661242j),(0.8152289559984807-0.7526655254165189j),(0.16875180409498836-0.27697720379293245j),(0.45481182120455044-0.6963279748608907j),(0.5428859823157123-0.6023207978460751j),(0.6351607352374691-0.36651898912733205j),(0.4055761631242494-0.6208530232543896j),(0.4664350893931779-0.7015544061684817j),(0.9048847613695156-0.4166488222086032j),(0.11363967869662162-0.02791013034188705j),(0.05767038223091492-0.45555336854640216j),(0.07030028246656228-0.9700919703262604j),(0.05383777559579139-0.5157900364013088j),(0.45091619270653893-0.5810805430038593j),(0.9492179785545951-0.05352188819325132j),(0.13661891605287269-0.9755027585152329j),(0.439949610696724+0j),(0.29296601441233106+0.44280018205250726j),(0.8676026817189453+0.8136134387279337j),(0.39022246447300524+0.6744778135380002j),(0.2757672544327191+0.49861028611553293j),(0.47940790607933503+0.08243760445797932j),(0.8226587614875048+0.83765316728531j),(0.6451848761971879+0.6231273155746151j),(0.05248668847596771+0.6062606303168036j),(0.5342420470305034+0.26747450165923836j),(0.8053722375899506+0.06266945388285394j),(0.6924971409524849+0.6131850898116944j),(0.29596549947797646+0.2562729095813614j),(0.7728015316603273+0.9178626540756227j),(0.19286594070477803+0.8694198490300754j),(0.2125930738289713+0.7667082774361202j),(0.697894401926763+0.9366732950125485j),(0.4824927423690132+0.8708954763922008j),(0.9281667873473967+0.24544034338327825j),(0.5945365759376048+0.4474403268602759j),(0.38622988234013467+0.5880368402064198j),(0.36254299493252506+0.10224084709683423j),(0.6511543355482898+0.6344341493645514j),(0.13483456783097025+0.8230899367579962j),(0.769763353913462+0.8953677975413339j),(0.51075577100367+0.08292470054338152j),(0.6650159545172406+0.8583665927843309j),(0.7844394187192351+0.4275298766423081j),(0.8744699070691319+0.6025105990623122j),(0.894529179855035+0.20946153978488624j),(0.7753314650279604+0.26122811290500025j),(0.10423952383998558+0.2738161695331248j),(0.19069652056649933+0.5483623659722316j),(0.2063748722666543+0.5471468344267408j)
17,(0.18119608262006515-0.5459965831650553j),(0.6589171284715925-0.3678781387480816j),(0.2930113099492273-0.1370931280173977j),(0.2132604725497811-0.9870336419802982j),(0.16026852489407173-0.4515564253484893j),(0.8003365873683134-0.4771405158145615j),(0.5074190470245686-0.3822637714941509j),(0.19171184689573162-0.007913893625684842j),(0.2754693047150687-0.7984597570503681j),(0.4093951511450177-0.9037029648774628j),(0.9347539782396534-0.7066288222825595j),(0.17461540053919-0.17399130396092444j),(0.3729546029527555-0.9385010909991051j),(0.1889511791669125-0.5871977351703295j),(0.48651146293036596-0.9399994148419595j),(0.9572406468526449-0.11600566659901779j),(0.29296601441233106-0.44280018205250726j),(0.0396053314063618+0j),(0.7819574010028477+0.5228985608057499j),(0.5339682472513821+0.6361919945071646j),(0.9424927841288732+0.31415894485075413j),(0.9283074565136012+0.21711573221803915j),(0.9461957509913331+0.3349088074185872j),(0.04644199915396119+0.4128486636381713j),(0.6675952679178099+0.3304168191686433j),(0.2573721853955806+0.015969547600197753j),(0.4831685455085536+0.2595499454086717j),(0.7053946587111588+0.8916063167203483j),(0.5812024681053559+0.9163410146620565j),(0.7539510716868524+0.9276517499950139j),(0.9622669776571957+0.663650003105449j),(0.650456501524959+0.9020921074366557j),(0.006126952088563842+0.33694209428040633j),(0.09945493161172247+0.9321747224746069j),(0.9655494700269533+0.7570066502982824j),(0.8992666256639201+0.7988431983221509j),(0.04720764438977365+0.8415804258321923j),(0.0751032184839292+0.3355110663260943j),(0.9689411621332007+0.4407039363824077j),(0.959094513343708+0.07049918513315467j),(0.41377706216093735+0.4296498800058528j),(0.3280624324099741+0.009224771423191558j),(0.24426670956170882+0.41012314746506695j),(0.5662771203206328+0.1661383365306648j),(0.36885657772356706+0.0389609225953883j),(0.9851067573996493+0.5944869651857375j),(0.5057681517540754+0.33233271035044787j),(0.7108960178422767+0.6278494117958808j),(0.7331767178137133+0.576603378300763j),(0.4997168202119594+0.4718948655120033j)
18,(0.302302129440727-0.8624763088256372j),(0.7825979651461141-0.9888800353346423j),(0.40778928850465623-0.975449429942316j),(0.5830800011745838-0.11750983629266021j),(0.7601286390054404-0.19977875621188923j),(0.9409854817264255-0.9350868741723579j),(0.8466153491079724-0.3254764435868973j),(0.3379423056790074-0.8722866391392037j),(0.3358975285664194-0.5075850099511601j),(0.844380158576053-0.04946398646883743j),(0.7429049060530549-0.5537765517770286j),(0.9464260951213227-0.46779597969384556j),(0.11917790431297293-0.8142367547769688j),(0.988658143004997-0.17007861248145195j),(0.17155864114688302-0.9709502802324446j),(0.9576408738675648-0.19980188828723722j),(0.8676026817189453-0.8136134387279337j),(0.7819574010028477-0.5228985608057499j),(0.42550949591353515+0j),(0.4651248713016175+0.09223863312119784j),(0.12302486562929194+0.92758288148093j),(0.4317593010894262+0.8442093811368695j),(0.40285075536110704+0.924858932045797j),(0.12311948476008672+0.3256331100066219j),(0.7086768515120118+0.30342358962180394j),(0.3610575429402033+0.6897400812293623j),(0.7307419888333567+0.24342279087081153j),(0.8677469911857979+0.11935106138505669j),(0.24750037373228595+0.7861656523247404j),(0.28834280303586546+0.64295798602061j),(0.15305183168944847+0.24185054845176857j),(0.21912106847243185+0.8895141058882813j),(0.3363774270729457+0.7534982792489197j),(0.2517647476116066+0.6371489465285155j),(0.7522327908043138+0.2617221561732369j),(0.30498011827467464+0.6567188409598603j),(0.32853539566040835+0.43690191231385056j),(0.7657235470759048+0.9449464262665122j),(0.7723399580310257+0.9120997796077427j),(0.3528575942707919+0.6276691058101035j),(0.9551119867738438+0.765701126995443j),(0.24652149316571492+0.9725686215855928j),(0.04416459503864212+0.6842826895867599j),(0.6124815586632959+0.13648663902915192j),(0.6941095277381959+0.9904223926652312j),(0.5718308465975255+0.2026238955805103j),(0.2995291255782425+0.50857387051599j),(0.36793416038332283+0.21463553007635294j),(0.9630971896304914+0.7379037465479742j),(0.41819858068865245+0.08262981571384853j)
