,0,1,2,3
0,-0.8618548442469285,0.0,-0.5071550329515646,0.0
1,-0.8622518324368103,0.0009647670330263343,-0.5064781271469734,0.0008679894174508177
2,-0.8626469222255998,0.0019297876711768225,-0.5057999124069671,0.001735541226389016
3,-0.8630401128656873,0.002895059262459877,-0.5051203900185102,0.002602653299428648
4,-0.8634314036139837,0.003860579154032256,-0.5044395612718733,0.00346932351066486
5,-0.8638207937319227,0.004826344692205905,-0.5037574274606306,0.004335549735679172
6,-0.8642082824854624,0.005792353222454805,-0.5030739898816562,0.005201329851544748
7,-0.8645938691450862,0.006758602089421808,-0.5023892498351226,0.006066661736831669
8,-0.8649775529858046,0.007725088636925494,-0.5017032086244964,0.00693154327161219
9,-0.8653593332871575,0.008691810207967013,-0.501015867556536,0.007795972337466007
10,-0.8657392093332149,0.009658764144736945,-0.5003272279412889,0.008659946817485512
11,-0.8661171804125793,0.010625947788622137,-0.49963729109208826,0.009523464596281032
12,-0.8664932458183867,0.0115933584802126,-0.4989460583255505,0.010386523559986116
13,-0.8668674048483086,0.012560993559308323,-0.498253530961572,0.011249121596262728
14,-0.8672396568045524,0.013528850364926142,-0.49755971032332635,0.012111256594306515
15,-0.8676100009938649,0.014496926235306625,-0.4968645977372612,0.012972926444852052
16,-0.8679784367275319,0.015465218507920934,-0.49616819453309546,0.013834129040178042
17,-0.8683449633213814,0.016433724519477666,-0.4954705020438166,0.014694862274112576
18,-0.8687095800957833,0.01740244160592975,-0.49477152160567717,0.015555124042038335
19,-0.8690722863756523,0.018371367102481294,-0.49407125455819195,0.01641491224089781
20,-0.8694330814904492,0.019340498343594505,-0.4933697022441353,0.017274224769198536
21,-0.8697919647741814,0.020309832662996484,-0.49266686600953763,0.018133059527018283
22,-0.8701489355654062,0.021279367393686195,-0.49196274720368277,0.01899141441601025
23,-0.8705039932072294,0.022249099867941286,-0.49125734717910513,0.019849287339408314
24,-0.8708571370473099,0.023219027417324976,-0.49055066729158603,0.02070667620203218
25,-0.8712083664378593,0.02418914737269297,-0.48984270890015114,0.021563578910292577
26,-0.8715576807356433,0.025159457064200315,-0.4891334733670676,0.02241999337219652
27,-0.8719050793019834,0.026129953821308262,-0.4884229620578406,0.023275917497352337
28,-0.872250561502759,0.027100634972791263,-0.4877111763412099,0.024131349196975065
29,-0.8725941267084077,0.02807149784674373,-0.4869981175891483,0.02498628638389142
30,-0.872935774293927,0.029042539770587003,-0.4862837871768567,0.025840726972545087
31,-0.8732755036388758,0.030013758071076223,-0.4855681864827625,0.026694668879001876
32,-0.8736133141273762,0.03098515007430725,-0.48485131688851574,0.02754811002095486
33,-0.8739492051481141,0.03195671310572355,-0.48413317977898584,0.028401048317729514
34,-0.8742831760943405,0.032928444490123096,-0.48341377654225937,0.02925348169028894
35,-0.8746152263638728,0.033900341551665214,-0.48269310856963604,0.03010540806123891
36,-0.8749453553590972,0.0348724016138776,-0.48197117725562605,0.030956825354833156
37,-0.8752735624869686,0.03584462199966315,-0.48124798399794655,0.031807731496978325
38,-0.8755998471590127,0.036817000031306904,-0.4805235301975198,0.032658124415239326
39,-0.8759242087913274,0.0377895330304829,-0.4797978172584679,0.03350800203884429
40,-0.8762466468045823,0.038762218318261134,-0.47907084658811117,0.03435736229868978
41,-0.8765671606240228,0.03973505321511444,-0.4783426195969646,0.03520620312734586
42,-0.8768857496794695,0.04070803504092549,-0.4776131376987348,0.03605452245906132
43,-0.8772024134053189,0.041681161114993585,-0.4768824023103167,0.03690231822976864
44,-0.8775171512405463,0.04265442875604164,-0.4761504148517904,0.037749588377089235
45,-0.8778299626287065,0.04362783528222314,-0.47541717674641726,0.03859633084033847
46,-0.8781408470179334,0.04460137801112894,-0.4746826894206382,0.039442543560530764
47,-0.878449803860944,0.045575054259794356,-0.47394695430406947,0.04028822448038483
48,-0.878756832615037,0.04654886134470593,-0.4732099728294994,0.04113337154432848
49,-0.879061932742095,0.04752279658180846,-0.47247174643288553,0.041977982698504016
50,-0.8793651037085857,0.04849685728651186,-0.47173227655335137,0.04282205589077311
51,-0.8796663449855633,0.04947104077369817,-0.4709915646331831,0.04366558907072198
52,-0.879965656048669,0.05044534435772839,-0.47024961211782573,0.04450858018966639
53,-0.8802630363781326,0.05141976535244949,-0.46950642045588126,0.045351027200656785
54,-0.8805584854587729,0.05239430107120131,-0.4687619910991036,0.04619292805848332
55,-0.8808520027799999,0.053368948826823484,-0.4680163255023967,0.04703428071968092
56,-0.8811435878358143,0.05434370593166239,-0.46726942512381114,0.047875083142534344
57,-0.8814332401248107,0.05531856969757813,-0.46652129142453985,0.048715333287083225
58,-0.8817209591501762,0.05629353743595135,-0.465771925868916,0.04955502911512711
59,-0.8820067444196942,0.05726860645769033,-0.46502132992440887,0.05039416859023052
60,-0.8822905954457422,0.058243774073237775,-0.4642695050616208,0.05123274967772794
61,-0.8825725117452959,0.05921903759257796,-0.463516452754284,0.05207077034472891
62,-0.8828524928399285,0.06019439432524347,-0.4627621744792575,0.052908228560123054
63,-0.8831305382558116,0.06116984158032219,-0.46200667171652265,0.05374512229458496
64,-0.8834066475237171,0.06214537666646435,-0.46124994594918106,0.0545814495205794
65,-0.8836808201790178,0.06312099689188946,-0.46049199866345114,0.05541720821236621
66,-0.8839530557616876,0.06409669956439305,-0.45973283134866344,0.05625239634600532
67,-0.884223353816304,0.06507248199135397,-0.45897244549725896,0.05708701189936177
68,-0.8844917138920476,0.06604834147974104,-0.4582108426047847,0.05792105285211072
69,-0.8847581355427039,0.06702427533612013,-0.4574480241698905,0.05875451718574239
70,-0.8850226183266635,0.06800028086666118,-0.456683991694326,0.059587402883567106
71,-0.8852851618069242,0.06897635537714497,-0.45591874668293697,0.060419707930720226
72,-0.8855457655510902,0.0699524961729703,-0.45515229064366214,0.06125143031416719
73,-0.8858044291313746,0.07092870055916072,-0.4543846250875285,0.06208256802270838
74,-0.8860611521245996,0.07190496584037173,-0.45361575152865047,0.0629131190469842
75,-0.8863159341121962,0.07288128932089752,-0.45284567148422383,0.06374308137948005
76,-0.8865687746802078,0.07385766830467802,-0.45207438647452375,0.06457245301453106
77,-0.8868196734192886,0.07483410009530594,-0.4513018980229012,0.06540123194832738
78,-0.887068629924705,0.07581058199603363,-0.4505282076557792,0.06622941617891885
79,-0.8873156437963373,0.07678711130978004,-0.4497533169026492,0.06705700370622011
80,-0.8875607146386796,0.0777636853391378,-0.44897722729606804,0.06788399253201545
81,-0.8878038420608405,0.07874030138638,-0.4481999403716545,0.06871038065996368
82,-0.8880450256765454,0.07971695675346735,-0.44742145766808544,0.06953616609560331
83,-0.8882842651041345,0.08069364874205509,-0.4466417807270923,0.0703613468463572
84,-0.8885215599665666,0.08167037465349983,-0.4458609110934581,0.07118592092153757
85,-0.8887569098914175,0.0826471317888667,-0.44507885031501354,0.07200988633235098
86,-0.8889903145108824,0.08362391744893627,-0.44429559994263346,0.0728332410919032
87,-0.8892217734617752,0.08460072893421136,-0.4435111615302335,0.07365598321520402
88,-0.8894512863855305,0.08557756354492432,-0.44272553663476655,0.07447811071917222
89,-0.889678852928203,0.08655441858104373,-0.4419387268162193,0.07529962162264059
90,-0.8899044727404702,0.08753129134228155,-0.44115073363760804,0.07612051394636049
91,-0.8901281454776305,0.08850817912809998,-0.44036155866497634,0.07694078571300714
92,-0.8903498707996054,0.08948507923771845,-0.43957120346739026,0.07776043494718411
93,-0.8905696483709404,0.0904619889701207,-0.43877966961693543,0.07857945967542851
94,-0.8907874778608048,0.09143890562406165,-0.4379869586887134,0.07939785792621559
95,-0.8910033589429928,0.09241582649807442,-0.4371930722608379,0.08021562772996385
96,-0.8912172912959238,0.09339274889047727,-0.4363980119144315,0.08103276711903963
97,-0.8914292746026439,0.09436967009938074,-0.43560177923362176,0.08184927412776229
98,-0.8916393085508247,0.0953465874226943,-0.4348043758055378,0.0826651467924086
99,-0.8918473928327659,0.09632349815813371,-0.4340058032203065,0.08348038315121813
100,-0.8920535271453954,0.09730039960322781,-0.43320606307104936,0.08429498124439763
101,-0.8922577111902684,0.09827728905532548,-0.43240515695387804,0.08510893911412612
102,-0.8924599446735689,0.09925416381160257,-0.43160308646789114,0.0859222548045595
103,-0.8926602273061119,0.10023102116906922,-0.4307998532151711,0.08673492636183568
104,-0.8928585588033412,0.10120785842457641,-0.4299954588007798,0.087546951834079
105,-0.8930549388853308,0.10218467287482316,-0.4291899048327552,0.08835832927140545
106,-0.8932493672767868,0.10316146181636357,-0.4283831929221074,0.08916905672592708
107,-0.893441843707046,0.1041382225456137,-0.4275753246828157,0.08997913225175713
108,-0.8936323679100778,0.10511495235885855,-0.42676630173182406,0.09078855390501465
109,-0.8938209396244837,0.10609164855225917,-0.42595612568903773,0.09159731974382936
110,-0.8940075585934986,0.10706830842185949,-0.4251447981773197,0.09240542782834618
111,-0.8941922245649901,0.1080449292635934,-0.42433232082248695,0.09321287622073043
112,-0.8943749372914602,0.10902150837329172,-0.42351869525330665,0.09401966298517235
113,-0.8945556965300452,0.10999804304668925,-0.4227039231014928,0.09482578618789195
114,-0.8947345020425155,0.11097453057943159,-0.4218880060017014,0.0956312438971435
115,-0.8949113535952774,0.1119509682670823,-0.42107094559152813,0.09643603418322075
116,-0.8950862509593726,0.1129273534051299,-0.4202527435115039,0.09724015511846133
117,-0.8952591939104779,0.11390368328899464,-0.4194334014050908,0.09804360477725156
118,-0.895430182228907,0.11487995521403571,-0.4186129209186793,0.09884638123603139
119,-0.8955992156996107,0.11585616647555826,-0.41779130370158357,0.09964848257329881
120,-0.8957662941121756,0.11683231436882013,-0.4169685514060383,0.10044990686961483
121,-0.8959314172608269,0.11780839618903918,-0.4161446656871941,0.10125065220760805
122,-0.8960945849444261,0.1187844092313999,-0.4153196482031149,0.10205071667197947
123,-0.8962557969664741,0.11976035079106088,-0.4144935006147733,0.10285009834950726
124,-0.8964150531351088,0.12073621816316127,-0.4136662245860473,0.10364879532905125
125,-0.8965723532631074,0.12171200864282818,-0.4128378217837156,0.10444680570155773
126,-0.8967276971678857,0.1226877195251835,-0.4120082938774551,0.10524412756006427
127,-0.8968810846714989,0.12366334810535097,-0.4111776425398359,0.10604075899970435
128,-0.8970325156006411,0.12463889167846304,-0.410345869446318,0.10683669811771185
129,-0.8971819897866463,0.12561434753966805,-0.4095129762752481,0.10763194301342605
130,-0.8973295070654889,0.12658971298413702,-0.4086789647078538,0.10842649178829594
131,-0.897475067277782,0.1275649853070709,-0.40784383642824223,0.10922034254588528
132,-0.8976186702687803,0.1285401618037072,-0.4070075931233944,0.11001349339187691
133,-0.8977603158883789,0.12951523976932738,-0.40617023648316186,0.11080594243407767
134,-0.8979000039911127,0.13049021649926368,-0.4053317682002632,0.1115976877824228
135,-0.8980377344361583,0.13146508928890593,-0.4044921899702797,0.11238872754898091
136,-0.8981735070873332,0.13243985543370873,-0.4036515034916515,0.1131790598479582
137,-0.8983073218130958,0.13341451222919865,-0.4028097104656742,0.11396868279570357
138,-0.8984391784865462,0.13438905697098072,-0.4019668125964939,0.11475759451071273
139,-0.8985690769854261,0.13536348695474598,-0.4011228115911048,0.11554579311363336
140,-0.8986970171921184,0.1363377994762779,-0.4002777091593437,0.11633327672726929
141,-0.8988229989936475,0.1373119918314598,-0.3994315070138873,0.1171200434765852
142,-0.8989470222816809,0.1382860613162819,-0.3985842068702477,0.11790609148871163
143,-0.8990690869525262,0.1392600052268479,-0.3977358104467681,0.1186914188929488
144,-0.8991891929071348,0.14023382085938219,-0.39688631946462005,0.11947602382077206
145,-0.8993073400510988,0.14120750551023692,-0.39603573564779854,0.12025990440583575
146,-0.8994235282946532,0.1421810564758991,-0.3951840607231178,0.12104305878397839
147,-0.8995377575526746,0.14315447105299722,-0.39433129642020837,0.1218254850932267
148,-0.8996500277446823,0.14412774653830845,-0.3934774444715124,0.12260718147380067
149,-0.8997603387948377,0.14510088022876572,-0.39262250661227927,0.12338814606811754
150,-0.8998686906319442,0.14607386942146455,-0.39176648458056335,0.1241683770207972
151,-0.8999750831894473,0.14704671141367023,-0.3909093801172174,0.12494787247866579
152,-0.9000795164054355,0.14801940350282455,-0.3900511949658913,0.12572663059076095
153,-0.9001819902226385,0.14899194298655302,-0.38919193087302595,0.12650464950833618
154,-0.9002825045884288,0.14996432716267186,-0.3883315895878501,0.12728192738486505
155,-0.9003810594548209,0.15093655332919478,-0.3874701728623764,0.1280584623760462
156,-0.9004776547784712,0.15190861878434017,-0.3866076824513974,0.12883425263980763
157,-0.900572290520678,0.15288052082653797,-0.38574412011248094,0.12960929633631102
158,-0.9006649666473818,0.15385225675443684,-0.3848794876059668,0.13038359162795676
159,-0.9007556831291647,0.1548238238669109,-0.38401378669496256,0.13115713667938808
160,-0.9008444399412503,0.15579521946306685,-0.3831470191453386,0.1319299296574955
161,-0.9009312370635039,0.156766440842251,-0.3822791867257256,0.13270196873142148
162,-0.9010160744804327,0.15773748530405635,-0.38141029120750936,0.13347325207256497
163,-0.9010989521811851,0.15870835014832912,-0.3805403343648268,0.13424377785458574
164,-0.9011798701595501,0.15967903267517636,-0.37966931797456227,0.13501354425340892
165,-0.9012588284139579,0.16064953018497255,-0.3787972438163433,0.1357825494472294
166,-0.90133582694748,0.16161983997836651,-0.3779241136725365,0.13655079161651643
167,-0.9014108657678279,0.16258995935628884,-0.37704992932824344,0.13731826894401805
168,-0.9014839448873544,0.16355988561995838,-0.37617469257129627,0.13808497961476524
169,-0.9015550643230517,0.16452961607088956,-0.3752984051922541,0.13885092181607706
170,-0.9016242240965523,0.16549914801089924,-0.37442106898439886,0.13961609373756417
171,-0.901691424234129,0.16646847874211362,-0.3735426857437303,0.140380493571134
172,-0.9017566647666936,0.1674376055669754,-0.3726632572689632,0.14114411951099498
173,-0.9018199457297967,0.16840652578825063,-0.37178278536152176,0.14190696975366068
174,-0.9018812671636295,0.16937523670903584,-0.3709012718255371,0.14266904249795453
175,-0.9019406291130204,0.17034373563276478,-0.3700187184678414,0.1434303359450143
176,-0.9019980316274379,0.17131201986321568,-0.3691351270979649,0.14419084829829612
177,-0.9020534747609867,0.17228008670451794,-0.36825049952813116,0.1449505777635792
178,-0.902106958572411,0.17324793346115946,-0.36736483757325356,0.14570952254897016
179,-0.902158483125092,0.17421555743799316,-0.36647814305093,0.14646768086490725
180,-0.902208048487048,0.17518295594024452,-0.3655904177814397,0.14722505092416513
181,-0.9022556547309345,0.17615012627351798,-0.3647016635877384,0.1479816309418586
182,-0.902301301934043,0.17711706574380431,-0.3638118822954548,0.14873741913544752
183,-0.9023449901783022,0.17808377165748768,-0.36292107573288546,0.14949241372474112
184,-0.9023867195502747,0.1790502413213519,-0.36202924573099104,0.15024661293190186
185,-0.9024264901411612,0.18001647204258836,-0.3611363941233926,0.15100001498145052
186,-0.9024643020467948,0.18098246112880245,-0.3602425227463665,0.15175261810026985
187,-0.902500155367645,0.18194820588802066,-0.35934763343884024,0.15250442051760948
188,-0.9025340502088146,0.1829137036286974,-0.3584517280423888,0.1532554204650897
189,-0.9025659866800402,0.1838789516597223,-0.3575548084012301,0.1540056161767063
190,-0.9025959648956915,0.1848439472904267,-0.35665687636222043,0.15475500588883445
191,-0.902623984974772,0.18580868783059123,-0.35575793377485077,0.15550358784023338
192,-0.902650047040917,0.1867731705904523,-0.35485798249124195,0.15625136027205042
193,-0.9026741512223927,0.18773739288070906,-0.3539570243661404,0.15699832142782533
194,-0.9026962976520982,0.18870135201253085,-0.35305506125691455,0.15774446955349472
195,-0.9027164864675632,0.1896650452975636,-0.3521520950235495,0.15848980289739636
196,-0.9027347178109473,0.1906284700479371,-0.351248127528644,0.1592343197102732
197,-0.90275099182904,0.1915916235762719,-0.3503431606374049,0.1599780182452779
198,-0.9027653086732599,0.19255450319568612,-0.3494371962176433,0.16072089675797685
199,-0.9027776684996558,0.1935171062198029,-0.3485302361397702,0.1614629535063548
200,-0.9027880714689025,0.19447942996275658,-0.34762228227679287,0.16220418675081882
201,-0.9027965177463044,0.19544147173920043,-0.34671333650430913,0.16294459475420242
202,-0.9028030075017923,0.19640322886431316,-0.3458034007005042,0.16368417578177027
203,-0.902807540909923,0.19736469865380593,-0.34489247674614576,0.16442292810122208
204,-0.9028101181498795,0.1983258784239293,-0.34398056652457965,0.16516084998269662
205,-0.9028107394054701,0.19928676549148044,-0.343067671921726,0.16589793969877664
206,-0.9028094048651278,0.20024735717380976,-0.3421537948260742,0.16663419552449235
207,-0.90280611472191,0.20120765078882802,-0.34123893712867853,0.16736961573732623
208,-0.9028008691734962,0.20216764365501322,-0.34032310072315464,0.16810419861721665
209,-0.9027936684221901,0.20312733309141762,-0.339406287505674,0.1688379424465625
210,-0.9027845126749162,0.2040867164176746,-0.33848849937496045,0.16957084551022722
211,-0.9027734021432208,0.2050457909540056,-0.3375697382322854,0.17030290609554308
212,-0.902760337043271,0.20600455402122725,-0.3366500059814629,0.1710341224923151
213,-0.9027453175958533,0.20696300294075803,-0.33572930452884675,0.17176449299282545
214,-0.9027283440263746,0.20792113503462542,-0.3348076357833245,0.17249401589183788
215,-0.9027094165648584,0.20887894762547274,-0.3338850016563133,0.17322268948660094
216,-0.902688535445948,0.20983643803656626,-0.33296140406175656,0.17395051207685333
217,-0.9026657009089022,0.21079360359180194,-0.33203684491611807,0.17467748196482705
218,-0.9026409131975962,0.21175044161571221,-0.3311113261383788,0.1754035974552521
219,-0.9026141725605221,0.2127069494334735,-0.33018484965003125,0.17612885685536056
220,-0.9025854792507846,0.21366312437091256,-0.3292574173750763,0.17685325847489045
221,-0.9025548335261033,0.21461896375451367,-0.32832903124001767,0.17757680062609
222,-0.9025222356488111,0.21557446491142548,-0.32739969317385775,0.17829948162372186
223,-0.9024876858858532,0.21652962516946828,-0.32646940510809364,0.1790212997850671
224,-0.9024511845087853,0.21748444185714022,-0.3255381689767116,0.17974225342992917
225,-0.9024127317937741,0.21843891230362483,-0.3246059867161838,0.1804623408806383
226,-0.902372328021597,0.21939303383879788,-0.3236728602654628,0.1811815604620553
227,-0.902329973477639,0.22034680379323413,-0.32273879156597807,0.18189991050157592
228,-0.9022856684518937,0.22130021949821424,-0.32180378256163006,0.1826173893291346
229,-0.9022394132389614,0.22225327828573177,-0.32086783519878714,0.18333399527720876
230,-0.9021912081380491,0.22320597748850018,-0.3199309514262799,0.1840497266808226
231,-0.9021410534529689,0.2241583144399597,-0.318993133195398,0.18476458187755168
232,-0.9020889494921372,0.225110286474284,-0.31805438245988404,0.1854785592075264
233,-0.9020348965685736,0.2260618909263873,-0.3171147011759298,0.18619165701343623
234,-0.9019788949999012,0.22701312513193175,-0.31617409130217244,0.18690387364053393
235,-0.9019209451083432,0.22796398642733312,-0.31523255479968815,0.18761520743663926
236,-0.9018610472207242,0.22891447214976912,-0.31429009363198956,0.18832565675214322
237,-0.9017992016684688,0.22986457963718532,-0.31334670976501955,0.18903521994001193
238,-0.9017354087875994,0.23081430622830243,-0.3124024051671477,0.1897438953557908
239,-0.9016696689187369,0.23176364926262333,-0.3114571818091655,0.19045168135760837
240,-0.9016019824070972,0.23271260608043937,-0.31051104166428095,0.19115857630618008
241,-0.9015323496024935,0.2336611740228383,-0.3095639867081159,0.19186457856481315
242,-0.9014607708593332,0.23460935043171002,-0.30861601891869894,0.1925696864994093
243,-0.9013872465366165,0.23555713264975436,-0.30766714027646297,0.19327389847846965
244,-0.9013117769979369,0.23650451802048755,-0.3067173527642393,0.19397721287309833
245,-0.9012343626114784,0.23745150388824904,-0.30576665836725325,0.19467962805700642
246,-0.901155003750016,0.23839808759820874,-0.3048150590731205,0.1953811424065162
247,-0.9010737007909136,0.23934426649637353,-0.30386255687184077,0.1960817543005644
248,-0.900990454116124,0.24029003792959458,-0.30290915375579447,0.19678146212070705
249,-0.9009052641121851,0.24123539924557358,-0.3019548517197381,0.19748026425112275
250,-0.9008181311702232,0.24218034779287062,-0.30099965276079843,0.1981781590786168
251,-0.9007290556859473,0.24312488092090978,-0.30004355887846923,0.198875144992625
252,-0.9006380380596508,0.24406899597998716,-0.29908657207460576,0.19957122038521802
253,-0.9005450786962103,0.24501269032127726,-0.29812869435341993,0.2002663836511044
254,-0.9004501780050821,0.24595596129683955,-0.29716992772147705,0.20096063318763546
255,-0.9003533364003039,0.24689880625962624,-0.2962102741876893,0.20165396739480854
256,-0.900254554300492,0.24784122256348812,-0.29524973576331204,0.20234638467527102
257,-0.9001538321288396,0.24878320756318195,-0.2942883144619394,0.20303788343432425
258,-0.9000511703131178,0.24972475861437754,-0.2933260122994988,0.20372846207992742
259,-0.8999465692856716,0.25066587307366395,-0.29236283129424656,0.2044181190227013
260,-0.8998400294834215,0.25160654829855733,-0.2913987734667637,0.20510685267593237
261,-0.8997315513478594,0.25254678164750666,-0.2904338408399503,0.20579466145557648
262,-0.8996211353250497,0.2534865704799011,-0.28946803543902133,0.2064815437802622
263,-0.8995087818656263,0.2544259121560773,-0.28850135929150234,0.20716749807129597
264,-0.8993944914247929,0.25536480403732575,-0.28753381442722387,0.20785252275266453
265,-0.8992782644623206,0.25630324348589745,-0.28656540287831683,0.20853661625103914
266,-0.8991601014425465,0.25724122786501125,-0.28559612667920886,0.20921977699578012
267,-0.8990400028343734,0.2581787545388603,-0.2846259878666181,0.20990200341893975
268,-0.8989179691112671,0.2591158208726192,-0.28365498847954934,0.21058329395526634
269,-0.898794000751257,0.26005242423245073,-0.28268313055928895,0.21126364704220824
270,-0.8986680982369325,0.2609885619855127,-0.28171041614940007,0.21194306111991745
271,-0.8985402620554431,0.2619242314999644,-0.28073684729571824,0.21262153463125333
272,-0.8984104926984967,0.2628594301449742,-0.2797624260463464,0.21329906602178653
273,-0.898278790662358,0.2637941552907258,-0.2787871544516496,0.2139756537398025
274,-0.898145156447848,0.26472840430842515,-0.27781103456425116,0.21465129623630572
275,-0.8980095905603407,0.2656621745703074,-0.2768340684390269,0.21532599196502275
276,-0.8978720935097637,0.2665954634496438,-0.27585625813310155,0.21599973938240652
277,-0.8977326658105956,0.26752826832074816,-0.2748776057058424,0.2166725369476401
278,-0.8975913079818655,0.26846058655898425,-0.27389811321885593,0.2173443831226399
279,-0.8974480205471501,0.26939241554077187,-0.272917782735982,0.21801527637206006
280,-0.8973028040345734,0.2703237526435943,-0.2719366163232897,0.21868521516329537
281,-0.8971556589768053,0.27125459524600476,-0.27095461604907234,0.21935419796648575
282,-0.8970065859110594,0.27218494072763355,-0.2699717839838417,0.22002222325451962
283,-0.8968555853790918,0.2731147864691943,-0.2689881222003252,0.22068928950303723
284,-0.8967026579272006,0.2740441298524916,-0.2680036327734587,0.22135539519043515
285,-0.8965478041062217,0.27497296826042683,-0.26701831778038393,0.22202053879786932
286,-0.8963910244715304,0.2759012990770056,-0.26603217930044165,0.22268471880925858
287,-0.896232319583038,0.2768291196873446,-0.26504521941516807,0.22334793371128905
288,-0.896071690005191,0.27775642747767804,-0.2640574402082895,0.22401018199341727
289,-0.8959091363069689,0.27868321983536437,-0.2630688437657175,0.22467146214787384
290,-0.8957446590618833,0.2796094941488938,-0.26207943217554397,0.22533177266966728
291,-0.8955782588479759,0.28053524780789396,-0.26108920752803677,0.2259911120565872
292,-0.8954099362478173,0.2814604782031379,-0.2600981719156338,0.22664947880920894
293,-0.8952396918485046,0.2823851827265498,-0.25910632743293943,0.22730687143089595
294,-0.8950675262416611,0.2833093587712123,-0.258113676176718,0.2279632884278042
295,-0.8948934400234331,0.2842330037313736,-0.2571202202458907,0.2286187283088855
296,-0.8947174337944893,0.2851561150024532,-0.25612596174152935,0.229273189585891
297,-0.8945395081600195,0.28607868998104957,-0.2551309027668518,0.22992667077337503
298,-0.8943596637297319,0.287000726064947,-0.2541350454272173,0.23057917038869896
299,-0.8941779011178513,0.28792222065312123,-0.25313839183012127,0.23123068695203375
300,-0.8939942209431192,0.2888431711457474,-0.2521409440851906,0.23188121898636443
301,-0.8938086238287903,0.2897635749442067,-0.25114270430417873,0.2325307650174935
302,-0.8936211104026315,0.2906834294510924,-0.25014367460096015,0.23317932357404422
303,-0.8934316812969199,0.2916027320702168,-0.24914385709152612,0.23382689318746416
304,-0.8932403371484412,0.2925214802066189,-0.24814325389397948,0.2344734723920292
305,-0.893047078598489,0.29343967126657,-0.24714186712852965,0.2351190597248466
306,-0.8928519062928609,0.29435730265758053,-0.24613969891748755,0.2357636537258583
307,-0.8926548208818585,0.29527437178840776,-0.2451367513852612,0.23640725293784554
308,-0.8924558230202855,0.2961908760690619,-0.24413302665834974,0.2370498559064309
309,-0.8922549133674448,0.2971068129108124,-0.24312852686533967,0.2376914611800828
310,-0.8920520925871374,0.29802217972619527,-0.2421232541368986,0.23833206731011866
311,-0.8918473613476616,0.2989369739290202,-0.2411172106057713,0.23897167285070864
312,-0.8916407203218085,0.299851192934376,-0.240110398406774,0.23961027635887838
313,-0.8914321701868636,0.30076483415863864,-0.23910281967679012,0.2402478763945138
314,-0.8912217116246022,0.30167789501947684,-0.2380944765547641,0.24088447152036274
315,-0.891009345321289,0.3025903729358601,-0.23708537118169778,0.24152006030204043
316,-0.8907950719676758,0.30350226532806407,-0.23607550570064437,0.24215464130803135
317,-0.8905788922589997,0.3044135696176781,-0.23506488225670386,0.24278821310969345
318,-0.8903608068949806,0.30532428322761174,-0.23405350299701783,0.24342077428126133
319,-0.890140816579821,0.30623440358210124,-0.23304137007076453,0.24405232339984953
320,-0.8899189220222024,0.30714392810671676,-0.23202848562915387,0.2446828590454567
321,-0.8896951239352837,0.308052854228368,-0.2310148518254221,0.24531237980096793
322,-0.8894694230367002,0.30896117937531253,-0.230000470814827,0.24594088425215874
323,-0.8892418200485603,0.30986890097716085,-0.22898534475464297,0.2465683709876988
324,-0.8890123156974454,0.3107760164648843,-0.22796947580415552,0.24719483859915442
325,-0.888780910714406,0.311682523270821,-0.22695286612465665,0.24782028568099285
326,-0.8885476058349605,0.3125884188286827,-0.22593551787943975,0.24844471083058478
327,-0.888312401799094,0.3134937005735617,-0.2249174332337937,0.24906811264820883
328,-0.8880752993512551,0.31439836594193726,-0.22389861435499947,0.2496904897370535
329,-0.8878362992403545,0.31530241237168233,-0.22287906341232308,0.2503118407032218
330,-0.8875954022197626,0.31620583730207036,-0.22185878257701244,0.2509321641557338
331,-0.887352609047309,0.31710863817378176,-0.22083777402228977,0.25155145870653034
332,-0.8871079204852774,0.3180108124289107,-0.21981603992334975,0.2521697229704761
333,-0.8868613373004074,0.3189123575109718,-0.21879358245735145,0.25278695556536324
334,-0.8866128602638892,0.31981327086490663,-0.21777040380341514,0.2534031551119143
335,-0.8863624901513627,0.3207135499370903,-0.2167465061426157,0.2540183202337859
336,-0.8861102277429163,0.32161319217533846,-0.21572189165797936,0.2546324495575716
337,-0.8858560738230832,0.3225121950289135,-0.2146965625344763,0.25524554171280583
338,-0.8856000291808415,0.32341055594853174,-0.21367052095901745,0.25585759533196645
339,-0.8853420946096092,0.32430827238636956,-0.21264376912044852,0.2564686090504788
340,-0.8850822709072447,0.3252053417960701,-0.21161630920954472,0.2570785815067179
341,-0.8848205588760427,0.3261017616327501,-0.21058814341900606,0.2576875113420129
342,-0.8845569593227341,0.32699752935300663,-0.2095592739434517,0.25829539720064965
343,-0.884291473058482,0.32789264241492344,-0.20852970297941537,0.25890223772987364
344,-0.8840241008988797,0.32878709827807723,-0.2074994327253401,0.25950803157989427
345,-0.8837548436639503,0.329680894403545,-0.2064684653815722,0.260112777403887
346,-0.8834837021781423,0.3305740282539106,-0.205436803150357,0.26071647385799707
347,-0.8832106772703291,0.3314664972932707,-0.20440444823583404,0.261319119601343
348,-0.8829357697738054,0.33235829898724206,-0.20337140284403055,0.2619207132960192
349,-0.8826589805262866,0.3332494308029677,-0.20233766918285706,0.2625212536070995
350,-0.8823803103699048,0.33413989020912355,-0.2013032494621027,0.26312073920264023
351,-0.8820997601512077,0.33502967467592537,-0.20026814589342867,0.26371916875368356
352,-0.8818173307211562,0.33591878167513484,-0.19923236069036493,0.2643165409342604
353,-0.8815330229351217,0.33680720868006664,-0.1981958960683028,0.2649128544213935
354,-0.8812468376528848,0.33769495316559495,-0.19715875424449097,0.2655081078951016
355,-0.8809587757386317,0.3385820126081595,-0.19612093743803094,0.26610230003840113
356,-0.8806688380609529,0.33946838448577277,-0.19508244786987028,0.2666954295373098
357,-0.8803770254928399,0.34035406627802606,-0.19404328776279844,0.2672874950808508
358,-0.880083338911685,0.34123905546609684,-0.19300345934144125,0.26787849536105457
359,-0.8797877791992764,0.34212334953275436,-0.1919629648322555,0.26846842907296226
360,-0.8794903472417969,0.34300694596236675,-0.19092180646352386,0.2690572949146297
361,-0.8791910439298225,0.3438898422409073,-0.18987998646535004,0.26964509158712907
362,-0.8788898701583187,0.34477203585596156,-0.1888375070696528,0.2702318177945529
363,-0.8785868268266381,0.34565352429673313,-0.18779437051016107,0.2708174722440173
364,-0.8782819148385196,0.34653430505405075,-0.18675057902240855,0.2714020536456647
365,-0.877975135102085,0.3474143756203748,-0.1857061348437289,0.27198556071266655
366,-0.8776664885298354,0.3482937334898033,-0.18466104021325003,0.27256799216122723
367,-0.8773559760386507,0.3491723761580793,-0.1836152973718888,0.27314934671058655
368,-0.8770435985497866,0.3500503011225966,-0.1825689085623458,0.2737296230830226
369,-0.8767293569888723,0.3509275058824069,-0.18152187602910086,0.2743088200038556
370,-0.8764132522859064,0.3518039879382258,-0.1804742020184062,0.2748869362014502
371,-0.8760952853752578,0.3526797447924398,-0.17942588877828236,0.2754639704072185
372,-0.875775457195659,0.35355477394911206,-0.17837693855851267,0.2760399213556237
373,-0.8754537686902084,0.35442907291399023,-0.17732735361063762,0.2766147877841826
374,-0.8751302208063634,0.35530263919451144,-0.17627713618795005,0.2771885684334684
375,-0.8748048144959403,0.35617547029981,-0.17522628854548944,0.2777612620471145
376,-0.8744775507151116,0.3570475637407229,-0.17417481294003656,0.27833286737181656
377,-0.8741484304244033,0.35791891702979695,-0.17312271163010845,0.2789033831573361
378,-0.8738174545886919,0.3587895276812957,-0.17206998687595298,0.27947280815650327
379,-0.8734846241772022,0.3596593932112042,-0.17101664093954383,0.2800411411252198
380,-0.8731499401635052,0.3605285111372379,-0.16996267608457405,0.2806083808224619
381,-0.8728134035255148,0.36139687897884676,-0.1689080945764524,0.2811745260102832
382,-0.872475015245486,0.3622644942572234,-0.16785289868229664,0.2817395754538181
383,-0.872134776310011,0.3631313544953088,-0.16679709067092874,0.28230352792128394
384,-0.8717926877100185,0.36399745721779886,-0.16574067281286975,0.2828663821839844
385,-0.8714487504407694,0.3648627999511511,-0.16468364738033364,0.2834281370163127
386,-0.8711029655018554,0.36572738022359064,-0.16362601664722332,0.2839887911957537
387,-0.8707553338971952,0.3665911955651171,-0.1625677828891235,0.2845483435028872
388,-0.8704058566350332,0.367454243507511,-0.16150894838329677,0.28510679272139156
389,-0.8700545347279357,0.3683165215843399,-0.1604495154086779,0.285664137638045
390,-0.8697013691927895,0.36917802733096533,-0.1593894862458678,0.28622037704273
391,-0.8693463610507974,0.37003875828454835,-0.15832886317712902,0.28677550972843524
392,-0.8689895113274777,0.3708987119840572,-0.15726764848637986,0.28732953449125875
393,-0.8686308210526594,0.3717578859702726,-0.15620584445918928,0.2878824501304109
394,-0.8682702912604807,0.37261627778579476,-0.1551434533827709,0.28843425544821694
395,-0.8679079229893873,0.37347388497504963,-0.15408047754597853,0.28898494925011986
396,-0.867543717282127,0.37433070508429556,-0.1530169192393001,0.2895345303446838
397,-0.8671776751857493,0.3751867356616292,-0.1519527807548524,0.2900829975435958
398,-0.8668097977516016,0.37604197425699226,-0.15088806438637575,0.2906303496616695
399,-0.8664400860353267,0.3768964184221779,-0.14982277242922853,0.29117658551684783
400,-0.8660685410968597,0.377750065710837,-0.14875690718038187,0.29172170393020547
401,-0.8656951640004265,0.3786029136784847,-0.1476904709384141,0.29226570372595145
402,-0.8653199558145395,0.37945495988250677,-0.14662346600350545,0.29280858373143265
403,-0.8649429176119949,0.38030620188216535,-0.1455558946774323,0.29335034277713606
404,-0.8645640504698717,0.3811566372386068,-0.1444877592635625,0.2938909796966917
405,-0.8641833554695257,0.3820062635148661,-0.1434190620668488,0.29443049332687515
406,-0.8638008336965907,0.38285507827587506,-0.1423498053938247,0.29496888250761066
407,-0.863416486240972,0.38370307908846746,-0.14127999155259768,0.2955061460819735
408,-0.8630303141968456,0.38455026352138594,-0.14020962285284505,0.29604228289619305
409,-0.8626423186626551,0.3853966291452883,-0.13913870160580727,0.296577291799655
410,-0.8622525007411079,0.38624217353275364,-0.13806723012428362,0.2971111716449048
411,-0.8618608615391737,0.3870868942582889,-0.13699521072262594,0.2976439212876499
412,-0.8614674021680807,0.38793078889833504,-0.13592264571673357,0.29817553958676213
413,-0.8610721237433131,0.3887738550312738,-0.13484953742404754,0.2987060254042813
414,-0.8606750273846073,0.38961609023743315,-0.13377588816354502,0.2992353776054169
415,-0.8602761142159507,0.3904574920990945,-0.1327017002557353,0.29976359505855116
416,-0.8598753853655772,0.3912980582004988,-0.1316269760226519,0.30029067663524217
417,-0.8594728419659647,0.3921377861278523,-0.13055171778784852,0.300816621210226
418,-0.8590684851538329,0.39297667346933346,-0.12947592787639417,0.30134142766141897
419,-0.8586623160701397,0.39381471781509936,-0.12839960861486577,0.3018650948699214
420,-0.8582543358600774,0.39465191675729105,-0.12732276233134476,0.3023876217200194
421,-0.8578445456730719,0.3954882678900411,-0.12624539135540952,0.3029090070991873
422,-0.8574329466627771,0.39632376880947895,-0.12516749801813215,0.30342924989809106
423,-0.8570195399870747,0.3971584171137379,-0.12408908465207047,0.3039483490105908
424,-0.8566043268080688,0.3979922104029607,-0.12301015359126483,0.30446630333374225
425,-0.8561873082920833,0.39882514627930593,-0.12193070717123089,0.3049831117678007
426,-0.8557684856096608,0.3996572223469549,-0.12085074772895466,0.30549877321622293
427,-0.8553478599355566,0.4004884362121172,-0.11977027760288816,0.30601328658566973
428,-0.8549254324487386,0.4013187854830377,-0.1186892991329414,0.30652665078600877
429,-0.8545012043323819,0.4021482677700018,-0.1176078146604787,0.30703886473031705
430,-0.8540751767738674,0.4029768806853424,-0.1165258265283135,0.3075499273348829
431,-0.8536473509647772,0.40380462184344634,-0.11544333708070081,0.30805983751920984
432,-0.8532177281008921,0.4046314888607593,-0.11436034866333372,0.3085685942060174
433,-0.85278630938219,0.4054574793557944,-0.11327686362333683,0.30907619632124506
434,-0.8523530960128405,0.406282590949136,-0.11219288430926028,0.30958264279405423
435,-0.8519180892012033,0.4071068212634472,-0.1111084130710761,0.3100879325568302
436,-0.8514812901598237,0.4079301679234758,-0.11002345226016974,0.31059206454518573
437,-0.8510427001054313,0.40875262855606076,-0.10893800422933764,0.31109503769796254
438,-0.8506023202589349,0.40957420079013784,-0.10785207133277913,0.3115968509572347
439,-0.8501601518454213,0.41039488225674636,-0.10676565592609227,0.31209750326831015
440,-0.8497161960941498,0.41121467058903516,-0.10567876036626805,0.3125969935797339
441,-0.8492704542385523,0.41203356342226866,-0.1045913870116838,0.31309532084328995
442,-0.8488229275162258,0.4128515583938333,-0.10350353822209957,0.3135924840140044
443,-0.8483736171689333,0.4136686531432435,-0.1024152163586508,0.3140884820501472
444,-0.8479225244425979,0.41448484531214824,-0.10132642378384377,0.31458331391323496
445,-0.8474696505873016,0.41530013254433673,-0.10023716286154899,0.3150769785680329
446,-0.8470149968572792,0.4161145124857446,-0.09914743595699693,0.3155694749825583
447,-0.8465585645109185,0.4169279827844605,-0.09805724543677108,0.3160608021280816
448,-0.8461003548107546,0.4177405410907322,-0.0969665936688035,0.31655095897912977
449,-0.8456403690234674,0.4185521850569719,-0.09587548302236826,0.3170399445134883
450,-0.8451786084198785,0.4193629123377638,-0.09478391586807672,0.3175277577122036
451,-0.844715074274948,0.4201727205898688,-0.09369189457787114,0.3180143975595855
452,-0.8442497678677707,0.4209816074722318,-0.09259942152501954,0.318499863043209
453,-0.8437826904815728,0.42178957064598677,-0.09150649908410985,0.3189841531539177
454,-0.8433138434037096,0.42259660777446406,-0.09041312963104464,0.3194672668858254
455,-0.8428432279256607,0.4234027165231953,-0.0893193155430349,0.31994920323631854
456,-0.842370845343028,0.4242078945599207,-0.0882250591985948,0.3204299612060585
457,-0.8418966969555309,0.42501213955459394,-0.08713036297753585,0.3209095397989843
458,-0.8414207840670052,0.4258154491793893,-0.08603522926096208,0.3213879380223142
459,-0.8409431079853967,0.4266178211087072,-0.08493966043126311,0.32186515488654877
460,-0.840463670022761,0.42741925301918027,-0.08384365887210915,0.32234118940547263
461,-0.8399824714952574,0.42821974258968,-0.08274722696844583,0.32281604059615693
462,-0.8394995137231474,0.42901928750132207,-0.08165036710648721,0.32328970747896185
463,-0.8390147980307904,0.42981788543747296,-0.08055308167371183,0.32376218907753807
464,-0.8385283257466402,0.43061553408375564,-0.07945537305885603,0.32423348441883043
465,-0.8380400982032427,0.43141223112805616,-0.07835724365190772,0.3247035925330788
466,-0.8375501167372303,0.4322079742605288,-0.07725869584410228,0.32517251245382073
467,-0.8370583826893212,0.4330027611736036,-0.07615973202791587,0.32564024321789425
468,-0.8365648974043134,0.4337965895619904,-0.07506035459705979,0.3261067838654394
469,-0.8360696622310828,0.43458945712268693,-0.07396056594647504,0.32657213343990077
470,-0.8355726785225795,0.4353813615549833,-0.07286036847232669,0.3270362909880297
471,-0.8350739476358244,0.4361723005604692,-0.07175976457199801,0.32749925555988646
472,-0.8345734709319039,0.4369622718430385,-0.07065875664408472,0.32796102620884215
473,-0.83407124977597,0.43775127310889694,-0.0695573470883899,0.32842160199158144
474,-0.8335672855372329,0.4385393020665668,-0.06845553830591727,0.32888098196810406
475,-0.8330615795889609,0.439326356426894,-0.06735333269886667,0.3293391652017279
476,-0.8325541333084736,0.44011243390305277,-0.06625073267062709,0.3297961507590902
477,-0.8320449480771415,0.4408975322105531,-0.06514774062577233,0.3302519377101498
478,-0.8315340252803796,0.4416816490672454,-0.0640443589700544,0.3307065251281904
479,-0.8310213663076464,0.4424647821933279,-0.06294059011039788,0.33115991208982126
480,-0.8305069725524388,0.443246929311351,-0.06183643645489462,0.33161209767498034
481,-0.829990845412288,0.44402808814622485,-0.06073190041279747,0.33206308096693526
482,-0.829472986288758,0.44480825642522426,-0.05962698439451525,0.3325128610522873
483,-0.8289533965874403,0.4455874318779949,-0.058521690811606464,0.33296143702097136
484,-0.8284320777179499,0.4463656122365589,-0.05741602207677382,0.3334088079662592
485,-0.8279090310939238,0.4471427952353222,-0.05630998060385861,0.3338549729847618
486,-0.8273842581330155,0.4479189786110789,-0.05520356880783456,0.3342999311764306
487,-0.8268577602568918,0.44869416010301755,-0.054096789104802534,0.33474368164456
488,-0.8263295388912298,0.4494683374527281,-0.05298964391198463,0.33518622349578936
489,-0.825799595465712,0.45024150840420635,-0.05188213564771865,0.3356275558401051
490,-0.8252679314140244,0.45101367070386095,-0.05077426673145197,0.3360676777908425
491,-0.8247345481738508,0.45178482210051907,-0.04966603958373611,0.3365065884646881
492,-0.8241994471868709,0.4525549603454317,-0.04855745662622085,0.3369442869816816
493,-0.8236626298987552,0.45332408319228057,-0.04744852028164831,0.337380772465217
494,-0.8231240977591617,0.4540921883971831,-0.046339232973848066,0.33781604404204674
495,-0.822583852221734,0.454859273718699,-0.045229597127730004,0.33825010084228097
496,-0.822041894744094,0.4556253369178358,-0.04411961516927976,0.33868294199939175
497,-0.8214982267878408,0.4563903757580546,-0.04300928952555216,0.33911456665021394
498,-0.8209528498185467,0.45715438800527625,-0.041898622624666426,0.339544973934947
499,-0.8204057653057526,0.45791737142788724,-0.04078761689579913,0.3399741629971581
