,0,1,2,3
0,0.9890309945843314,0.0,0.14770813028242005,0.0
1,0.9891459379801426,-0.0006918365685885576,0.1469316733923898,-0.0009581720401816726
2,0.9892589708522995,-0.0013837455165360015,0.14615438202310246,-0.0019158423839492557
3,0.9893700929875102,-0.00207572458871098,0.14537625764947565,-0.0028730090760380736
4,0.989479304176765,-0.0027677715297423104,0.14459730174891938,-0.003829670162879981
5,0.9895866042153367,-0.003459884084025078,0.1438175158013326,-0.004785823692607862
6,0.9896919929027823,-0.004152059995726732,0.14303690128910002,-0.005741467715060119
7,0.9897954700429411,-0.004844297008793188,0.14225545969708883,-0.006696600281785167
8,0.9898970354439366,-0.005536592866954926,0.14147319251264537,-0.007651219446045914
9,0.9899966889181772,-0.006228945313733093,0.14069010122559167,-0.008605323262824236
10,0.9900944302823556,-0.006921352092445601,0.13990618732822235,-0.009558909788825454
11,0.9901902593574501,-0.007613810946213222,0.13912145231530126,-0.0105119770824828
12,0.9902841759687245,-0.008306319617965716,0.13833589768405802,-0.011464523203961902
13,0.9903761799457291,-0.008998875850447908,0.13754952493418482,-0.012416546215165206
14,0.9904662711222995,-0.00969147738622579,0.13676233556783307,-0.013368044179736454
15,0.9905544493365589,-0.010384121967692641,0.13597433108960988,-0.01431901516306515
16,0.9906407144309172,-0.011076807337075138,0.13518551300657497,-0.015269457232290968
17,0.9907250662520719,-0.011769531236439427,0.13439588282823717,-0.016219368456308222
18,0.9908075046510079,-0.012462291407697255,0.13360544206655103,-0.01716874690577029
19,0.9908880294829986,-0.013155085592612071,0.13281419223591348,-0.01811759065309405
20,0.9909666406076058,-0.013847911532805141,0.13202213485316044,-0.019065897772464313
21,0.9910433378886794,-0.014540766969761611,0.1312292714375635,-0.02001366633983822
22,0.991118121194359,-0.01523364964483668,0.1304356035108264,-0.020960894432949677
23,0.9911909903970725,-0.015926557299261658,0.1296411325970817,-0.02190758013131379
24,0.9912619453735383,-0.016619487674150096,0.12884586022288746,-0.022853721516231214
25,0.991330986004764,-0.017312438510503875,0.12804978791722366,-0.023799316670792613
26,0.9913981121760473,-0.018005407549219338,0.12725291721148896,-0.02474436367988305
27,0.9914633237769759,-0.018698392531093372,0.12645524963949706,-0.02568886063018629
28,0.9915266207014285,-0.01939139119682956,0.1256567867374734,-0.026632805610189363
29,0.9915880028475745,-0.020084401287044237,0.12485753004405184,-0.027576196710186778
30,0.9916474701178729,-0.020777420542272624,0.12405748110027096,-0.02851903202228497
31,0.9917050224190753,-0.021470446702974946,0.12325664144957077,-0.02946130964040671
32,0.991760659662224,-0.022163477509542527,0.12245501263778924,-0.030403027660295418
33,0.9918143817626534,-0.02285651070230392,0.12165259621315878,-0.03134418417951952
34,0.9918661886399877,-0.023549544021531008,0.12084939372630288,-0.032284777297476884
35,0.9919160802181445,-0.024242575207445067,0.12004540673023248,-0.03322480511539905
36,0.9919640564253329,-0.02493560200022297,0.11924063678034255,-0.03416426573635572
37,0.9920101171940535,-0.025628622140003218,0.11843508543440866,-0.03510315726525895
38,0.9920542624611001,-0.026321633366892094,0.11762875425258358,-0.036041477808867656
39,0.9920964921675578,-0.027014633420969783,0.11682164479739336,-0.036979225475791806
40,0.9921368062588044,-0.027707620042296398,0.11601375863373432,-0.03791639837649683
41,0.9921752046845103,-0.028400590970918196,0.11520509732886924,-0.038852994623307865
42,0.9922116873986382,-0.02909354394687367,0.1143956624524239,-0.0397890123304142
43,0.9922462543594434,-0.029786476710199586,0.11358545557638366,-0.04072444961387344
44,0.9922789055294743,-0.03047938700093718,0.11277447827508985,-0.04165930459161597
45,0.9923096408755717,-0.03117227255913824,0.11196273212523604,-0.04259357538344911
46,0.9923384603688687,-0.031865131124871174,0.11115021870586483,-0.04352726011106146
47,0.9923653639847925,-0.032557960438227215,0.11033693959836416,-0.04446035689802735
48,0.992390351703062,-0.03325075823932643,0.10952289638646365,-0.04539286386981082
49,0.9924134235076889,-0.03394352226832392,0.10870809065623116,-0.04632477915377019
50,0.992434579386978,-0.03463625026541585,0.10789252399606925,-0.04725610087916219
51,0.9924538193335274,-0.03532893997084564,0.10707619799671149,-0.04818682717714628
52,0.992471143344227,-0.036021589124910006,0.10625911425121878,-0.049116956180788866
53,0.9924865514202605,-0.036714195467965116,0.10544127435497619,-0.05004648602506764
54,0.9925000435671038,-0.037406756740432714,0.10462267990568888,-0.050975414846875775
55,0.9925116197945253,-0.03809927068280616,0.10380333250337867,-0.05190374078502623
56,0.9925212801165861,-0.0387917350356566,0.10298323375038063,-0.05283146198025593
57,0.9925290245516402,-0.03948414753963909,0.10216238525133912,-0.05375857657523008
58,0.9925348531223334,-0.04017650593549864,0.10134078861320459,-0.05468508271454636
59,0.9925387658556047,-0.04086880796407637,0.10051844544522946,-0.05561097854473917
60,0.9925407627826841,-0.04156105136631561,0.09969535735896481,-0.05653626221428379
61,0.9925408439390953,-0.042253233883268064,0.09887152596825677,-0.057460931873600754
62,0.9925390093646529,-0.042945353256099814,0.09804695288924276,-0.05838498567505997
63,0.9925352591034635,-0.04363740722609748,0.09722163974034767,-0.05930842177298482
64,0.992529593203926,-0.04432939353467435,0.09639558814228061,-0.060231238323656615
65,0.9925220117187303,-0.04502130992337651,0.09556879971803106,-0.0611534334853186
66,0.9925125147048575,-0.04571315413388882,0.09474127609286492,-0.062075005418180194
67,0.9925011022235809,-0.0464049239080412,0.09391301889432124,-0.06299595228442124
68,0.992487774340464,-0.04709661698781461,0.09308402975220849,-0.06391627224819614
69,0.9924725311253614,-0.047788231115347204,0.09225431029860058,-0.06483596347563801
70,0.9924553726524186,-0.048479764032940485,0.09142386216783344,-0.0657550241348629
71,0.9924362990000712,-0.04917121348306529,0.09059268699650128,-0.06667345239597396
72,0.9924153102510449,-0.04986257720836801,0.08976078642345278,-0.06759124643106554
73,0.9923924064923559,-0.05055385295167661,0.0889281620897874,-0.06850840441422745
74,0.9923675878153098,-0.05124503845600687,0.08809481563885184,-0.06942492452154903
75,0.9923408543155011,-0.05193613146456828,0.08726074871623607,-0.07034080493112341
76,0.9923122060928146,-0.05262712972077035,0.08642596296976976,-0.0712560438230514
77,0.9922816432514234,-0.05331803096822858,0.0855904600495185,-0.07217063937944596
78,0.9922491658997887,-0.054008832950770636,0.08475424160778003,-0.07308458978443604
79,0.9922147741506614,-0.05469953341244241,0.08391730929908055,-0.07399789322417097
80,0.992178468121079,-0.055390130097514166,0.08307966478017093,-0.07491054788682432
81,0.9921402479323672,-0.05608062075048656,0.08224130971002297,-0.07582255196259811
82,0.99210011371014,-0.056771003116096834,0.08140224574982556,-0.07673390364372715
83,0.9920580655842965,-0.05746127493932493,0.08056247456298109,-0.07764460112448271
84,0.9920141036890243,-0.05815143396539944,0.07972199781510142,-0.07855464260117699
85,0.9919682281627962,-0.05884147793980388,0.07888081717400443,-0.07946402627216699
86,0.9919204391483716,-0.059531404608282726,0.07803893430970982,-0.08037275033785878
87,0.9918707367927946,-0.0602212117168474,0.07719635089443552,-0.08128081300071135
88,0.9918191212473957,-0.060910897011782573,0.07635306860259428,-0.0821882124652409
89,0.9917655926677887,-0.061600458239652114,0.07550908911078907,-0.0830949469380249
90,0.9917101512138735,-0.062289893147305285,0.0746644140978098,-0.08400101462770584
91,0.9916527970498326,-0.06297919948188274,0.0738190452446295,-0.08490641374499582
92,0.9915935303441319,-0.06366837499082262,0.0729729842344003,-0.08581114250268017
93,0.9915323512695212,-0.06435741742186676,0.07212623275244967,-0.08671519911562169
94,0.9914692600030328,-0.06504632452306672,0.0712787924862766,-0.08761858180076455
95,0.9914042567259802,-0.06573509404278981,0.07043066512554783,-0.08852128877713863
96,0.9913373416239597,-0.0664237237297253,0.06958185236209387,-0.08942331826586312
97,0.9912685148868483,-0.06711221133289044,0.06873235588990516,-0.09032466849015107
98,0.9911977767088034,-0.06780055460163653,0.06788217740512843,-0.09122533767531274
99,0.9911251272882626,-0.06848875128565508,0.06703131860606248,-0.09212532404876032
100,0.9910505668279446,-0.06917679913498392,0.06617978119315464,-0.09302462584001149
101,0.9909740955348453,-0.06986469590001317,0.0653275668689967,-0.09392324128069358
102,0.9908957136202394,-0.0705524393314913,0.06447467733832092,-0.09482116860454749
103,0.9908154212996814,-0.07124002718053152,0.06362111430799663,-0.0957184060474318
104,0.9907332187930016,-0.07192745719861748,0.06276687948702572,-0.09661495184732657
105,0.9906491063243075,-0.07261472713760957,0.061911974586539215,-0.09751080424433763
106,0.9905630841219836,-0.07330183474975102,0.06105640131979305,-0.09840596148070016
107,0.9904751524186896,-0.07398877778767383,0.060200161402164415,-0.09930042180078304
108,0.9903853114513607,-0.07467555400440501,0.059343256551147666,-0.10019418345109257
109,0.9902935614612065,-0.07536216115337259,0.05848568848635041,-0.10108724468027654
110,0.9901999026937108,-0.07604859698841168,0.05762745892948967,-0.10197960373912804
111,0.9901043353986305,-0.07673485926377058,0.05676856960438799,-0.1028712588805896
112,0.9900068598299951,-0.07742094573411687,0.05590902223696928,-0.10376220835975707
113,0.9899074762461062,-0.07810685415454346,0.055048818555255105,-0.10465245043388355
114,0.9898061849095366,-0.07879258228057465,0.05418796028936056,-0.10554198336238314
115,0.9897029860871307,-0.07947812786817227,0.05332644917149043,-0.10643080540683524
116,0.989597880050002,-0.0801634886737417,0.05246428693593523,-0.10731891483098806
117,0.9894908670735334,-0.08084866245413792,0.05160147531906714,-0.10820630990076284
118,0.9893819474373766,-0.08153364696667163,0.050738016059336075,-0.1090929888842577
119,0.9892711214254519,-0.08221843996911538,0.04987391089726581,-0.10997895005175137
120,0.9891583893259455,-0.08290303921970944,0.04900916157544996,-0.11086419167570731
121,0.9890437514313114,-0.08358744247716811,0.04814376983854761,-0.11174871203077738
122,0.9889272080382682,-0.08427164750068555,0.04727773743328001,-0.11263250939380591
123,0.9888087594478007,-0.08495565204994214,0.04641106610842613,-0.11351558204383357
124,0.9886884059651566,-0.08563945388511017,0.04554375761481867,-0.1143979282621011
125,0.9885661478998479,-0.08632305076686023,0.044675813705340156,-0.11527954633205317
126,0.9884419855656493,-0.08700644045636707,0.04380723613491891,-0.11616043453934251
127,0.9883159192805974,-0.08768962071531586,0.04293802666052497,-0.11704059117183352
128,0.9881879493669891,-0.08837258930590793,0.042068187041166036,-0.11792001451960614
129,0.9880580761513822,-0.08905534399086723,0.04119771903788373,-0.1187987028749598
130,0.9879262999645948,-0.089737882533446,0.040326624413749027,-0.11967665453241712
131,0.9877926211417017,-0.09042020269743117,0.03945490493385871,-0.12055386778872788
132,0.987657040022037,-0.09110230224715009,0.03858256236533114,-0.12143034094287274
133,0.9875195569491916,-0.09178417894747685,0.03770959847730197,-0.12230607229606717
134,0.9873801722710114,-0.09246583056383822,0.03683601504092049,-0.12318106015176507
135,0.9872388863395982,-0.09314725486221961,0.03596181382934539,-0.12405530281566288
136,0.9870956995113089,-0.09382844960917129,0.035086996617740465,-0.12492879859570297
137,0.9869506121467523,-0.09450941257181435,0.034211565183270884,-0.12580154580207795
138,0.9868036246107905,-0.09519014151784669,0.03333552130509897,-0.12667354274723389
139,0.9866547372725376,-0.09587063421554931,0.032458866764380034,-0.12754478774587472
140,0.9865039505053578,-0.09655088843379195,0.03158160334425847,-0.1284152791149654
141,0.9863512646868642,-0.09723090194203947,0.03070373282986337,-0.129285015173736
142,0.9861966801989211,-0.09791067251035772,0.029825257008304712,-0.1301539942436858
143,0.9860401974276379,-0.09859019790941977,0.028946177668669082,-0.1310222146485861
144,0.9858818167633729,-0.09926947591051156,0.028066496602015656,-0.1318896747144851
145,0.9857215386007294,-0.09994850428553836,0.02718621560137205,-0.1327563727697108
146,0.9855593633385556,-0.10062728080703068,0.026305336461729917,-0.13362230714487522
147,0.985395291379944,-0.10130580324815013,0.0254238609800415,-0.1344874761728779
148,0.9852293231322293,-0.10198406938269552,0.024541790955214776,-0.13535187818890976
149,0.9850614590069894,-0.1026620769851091,0.0236591281881096,-0.13621551153045652
150,0.9848916994200416,-0.10333982383048229,0.022775874481533773,-0.13707837453730312
151,0.9847200447914438,-0.104017307694562,0.021892031640238452,-0.13794046555153655
152,0.984546495545493,-0.10469452635375627,0.02100760147091446,-0.13880178291755021
153,0.984371052110723,-0.10537147758514069,0.02012258578218777,-0.1396623249820474
154,0.9841937149199051,-0.10604815916646429,0.01923698638461538,-0.14052209009404482
155,0.984014484410046,-0.10672456887615535,0.018350805090681294,-0.14138107660487662
156,0.9838333610223866,-0.10740070449332773,0.017464043714792404,-0.14223928286819779
157,0.9836503452024012,-0.10807656379778666,0.016576704073273912,-0.14309670723998785
158,0.9834654373997973,-0.10875214457003485,0.015688787984365626,-0.1439533480785548
159,0.9832786380685121,-0.10942744459127854,0.01480029726821741,-0.1448092037445386
160,0.9830899476667142,-0.11010246164343336,0.013911233746885215,-0.1456642726009146
161,0.9828993666567999,-0.11077719350913051,0.013021599244326665,-0.14651855301299757
162,0.9827068955053945,-0.11145163797172278,0.012131395586397115,-0.14737204334844514
163,0.9825125346833493,-0.1121257928152903,0.011240624600845128,-0.14822474197726154
164,0.9823162846657412,-0.11279965582464677,0.010349288117308425,-0.14907664727180112
165,0.9821181459318707,-0.11347322478534552,0.009457387967309744,-0.149927757606772
166,0.9819181189652626,-0.11414649748368519,0.008564925984252597,-0.15077807135923968
167,0.9817162042536624,-0.11481947170671611,0.007671904003416635,-0.15162758690863098
168,0.981512402289037,-0.11549214524224605,0.006778323861954011,-0.15247630263673687
169,0.9813067135675729,-0.11616451587884627,0.0058841873988846605,-0.1533242169277171
170,0.9810991385896739,-0.11683658140585756,0.004989496455092501,-0.15417132816810283
171,0.980889677859962,-0.11750833961339616,0.004094252873320603,-0.15501763474680078
172,0.9806783318872737,-0.11817978829235981,0.003198458498167439,-0.15586313505509683
173,0.9804651011846606,-0.11885092523443364,0.002302115176082281,-0.1567078274866592
174,0.9802499862693881,-0.11952174823209634,0.0014052247553613395,-0.15755171043754235
175,0.9800329876629321,-0.12019225507862591,0.0005077890861428791,-0.15839478230619056
176,0.9798141058909811,-0.12086244356810588,-0.000390189979596417,-0.15923704149344128
177,0.9795933414834307,-0.12153231149543103,-0.0012887105880462768,-0.16007848640252878
178,0.9793706949743862,-0.12220185665631361,-0.002187770883566781,-0.16091911543908766
179,0.9791461669021592,-0.12287107684728912,-0.003087369008692692,-0.16175892701115654
180,0.9789197578092663,-0.1235399698657225,-0.003987503104137952,-0.1625979195291815
181,0.9786914682424286,-0.1242085335098137,-0.004888171308799871,-0.1634360914060194
182,0.9784612987525696,-0.1248767655786042,-0.005789371759763268,-0.16427344105694158
183,0.9782292498948144,-0.12554466387198257,-0.0066911025923051815,-0.16510996689963772
184,0.9779953222284873,-0.1262122261906905,-0.007593361939898735,-0.16594566735421848
185,0.9777595163171128,-0.12687945033632891,-0.008496147934217768,-0.16678054084322003
186,0.9775218327284106,-0.12754633411136373,-0.009399458705141028,-0.16761458579160662
187,0.977282272034298,-0.12821287531913203,-0.010303292380756779,-0.1684478006267748
188,0.9770408348108857,-0.12887907176384783,-0.011207647087366712,-0.16928018377855633
189,0.9767975216384774,-0.12954492125060812,-0.012112520949490446,-0.1701117336792221
190,0.9765523331015683,-0.13021042158539872,-0.013017912089870104,-0.17094244876348524
191,0.9763052697888444,-0.13087557057510046,-0.013923818629474366,-0.1717723274685049
192,0.9760563322931798,-0.13154036602749494,-0.014830238687502967,-0.1726013682338895
193,0.9758055212116352,-0.1322048057512703,-0.015737170381391247,-0.17342956950170013
194,0.9755528371454583,-0.1328688875560277,-0.0166446118268139,-0.17425692971645415
195,0.9752982807000804,-0.13353260925228663,-0.017552561137690326,-0.17508344732512873
196,0.9750418524851152,-0.13419596865149136,-0.018461016426187943,-0.17590912077716386
197,0.9747835531143585,-0.1348589635660165,-0.019369975802727202,-0.17673394852446622
198,0.9745233832057845,-0.13552159180917317,-0.02027943737598617,-0.17755792902141226
199,0.9742613433815476,-0.13618385119521492,-0.021189399252904223,-0.1783810607248519
200,0.9739974342679765,-0.13684573953934334,-0.022099859538687067,-0.17920334209411173
201,0.9737316564955771,-0.13750725465771452,-0.023010816336810624,-0.18002477159099844
202,0.9734640106990283,-0.13816839436744455,-0.023922267749026033,-0.18084534767980223
203,0.9731944975171802,-0.1388291564866156,-0.02483421187536361,-0.18166506882730038
204,0.9729231175930543,-0.13948953883428167,-0.025746646814137353,-0.18248393350276002
205,0.9726498715738405,-0.14014953923047485,-0.02665957066194935,-0.18330194017794244
206,0.9723747601108962,-0.140809155496211,-0.027572981513694417,-0.1841190873271056
207,0.9720977838597449,-0.14146838545349563,-0.028486877462564453,-0.18493537342700805
208,0.9718189434800731,-0.14212722692532986,-0.02940125660005241,-0.185750796956912
209,0.9715382396357313,-0.14278567773571638,-0.030316117015957544,-0.18656535639858648
210,0.9712556729947291,-0.1434437357096653,-0.03123145679838918,-0.18737905023631135
211,0.9709712442292366,-0.14410139867319996,-0.032147274033771434,-0.18819187695687992
212,0.9706849540155811,-0.1447586644533631,-0.033063566806847855,-0.1890038350496026
213,0.9703968030342452,-0.14541553087822243,-0.03398033320068533,-0.1898149230063102
214,0.970106791969867,-0.14607199577687674,-0.0348975712966792,-0.19062513932135747
215,0.9698149215112355,-0.14672805697946162,-0.035815279174557374,-0.19143448249162565
216,0.9695211923512921,-0.14738371231715572,-0.03673345491238467,-0.19224295101652678
217,0.9692256051871263,-0.14803895962218605,-0.03765209658656768,-0.1930505433980061
218,0.9689281607199753,-0.14869379672783434,-0.03857120227185884,-0.19385725814054594
219,0.9686288596552228,-0.14934822146844273,-0.03949077004136142,-0.19466309375116886
220,0.9683277027023949,-0.15000223167941962,-0.04041079796653338,-0.19546804873944057
221,0.9680246905751613,-0.1506558251972457,-0.04133128411719228,-0.19627212161747365
222,0.9677198239913316,-0.15130899985947957,-0.04225222656152,-0.19707531089993066
223,0.9674131036728545,-0.15196175350476399,-0.04317362336606648,-0.19787761510402727
224,0.9671045303458153,-0.15261408397283116,-0.04409547259575505,-0.19867903274953558
225,0.9667941047404345,-0.1532659891045092,-0.04501777231388637,-0.1994795623587875
226,0.9664818275910665,-0.1539174667417277,-0.045940520582143374,-0.20027920245667766
227,0.9661676996361969,-0.15456851472752367,-0.046863715460595284,-0.20107795157066702
228,0.965851721618441,-0.1552191309060471,-0.047787355007702814,-0.20187580823078585
229,0.9655338942845421,-0.15586931312256735,-0.04871143728032193,-0.20267277096963696
230,0.9652142183853702,-0.15651905922347853,-0.04963596033370907,-0.2034688383223988
231,0.9648926946759191,-0.1571683670563057,-0.05056092222152522,-0.2042640088268291
232,0.964569323915305,-0.1578172344697103,-0.05148632099584072,-0.20505828102326756
233,0.9642441068667646,-0.15846565931349627,-0.052412154707139696,-0.2058516534546392
234,0.9639170442976546,-0.15911363943861612,-0.053338421404324626,-0.20664412466645773
235,0.9635881369794465,-0.15976117269717605,-0.05426511913472093,-0.20743569320682836
236,0.9632573856877281,-0.16040825694244265,-0.05519224594408145,-0.20822635762645136
237,0.9629247912022002,-0.16105489002884793,-0.05611979987659124,-0.20901611647862484
238,0.9625903543066746,-0.1617010698119958,-0.057047778974871816,-0.20980496831924825
239,0.9622540757890726,-0.1623467941486675,-0.05797618127998588,-0.2105929117068253
240,0.9619159564414217,-0.16299206089682738,-0.05890500483144198,-0.2113799452024669
241,0.961575997059856,-0.16363686791562917,-0.059834247667199164,-0.21216606736989507
242,0.9612341984446131,-0.16428121306542118,-0.06076390782367111,-0.21295127677544506
243,0.9608905614000313,-0.16492509420775261,-0.061693983335731284,-0.21373557198806928
244,0.9605450867345489,-0.16556850920537924,-0.06262447223671722,-0.21451895157933984
245,0.9601977752607012,-0.16621145592226882,-0.06355537255843524,-0.21530141412345186
246,0.9598486277951198,-0.1668539322236076,-0.06448668233116481,-0.216082958197227
247,0.9594976451585296,-0.16749593597580542,-0.0654183995836636,-0.21686358238011555
248,0.9591448281757472,-0.1681374650465021,-0.06635052234317174,-0.21764328525420057
249,0.9587901776756775,-0.16877851730457272,-0.06728304863541643,-0.2184220654042003
250,0.9584336944913152,-0.16941909062013397,-0.06821597648461694,-0.21919992141747158
251,0.9580753794597382,-0.17005918286454907,-0.06914930391348872,-0.21997685188401245
252,0.957715233422109,-0.17069879191043466,-0.07008302894324836,-0.22075285539646594
253,0.9573532572236718,-0.1713379156316658,-0.07101714959361827,-0.22152793055012232
254,0.9569894517137494,-0.1719765519033818,-0.07195166388283106,-0.2223020759429227
255,0.9566238177457417,-0.17261469860199244,-0.07288656982763425,-0.22307529017546196
256,0.9562563561771249,-0.17325235360518335,-0.07382186544329533,-0.22384757185099152
257,0.9558870678694463,-0.17388951479192163,-0.07475754874360552,-0.22461891957542268
258,0.9555159536883264,-0.17452618004246234,-0.07569361774088557,-0.22538933195732933
259,0.9551430145034527,-0.17516234723835336,-0.07663007044598935,-0.22615880760795123
260,0.954768251188581,-0.1757980142624419,-0.07756690486830922,-0.22692734514119695
261,0.9543916646215302,-0.17643317899887972,-0.0785041190157805,-0.22769494317364689
262,0.9540132556841829,-0.17706783933312914,-0.07944171089488591,-0.2284616003245557
263,0.9536330252624806,-0.1777019931519687,-0.08037967851066058,-0.22922731521585646
264,0.9532509742464246,-0.17833563834349903,-0.08131801986669668,-0.22999208647216252
265,0.9528671035300712,-0.1789687727971485,-0.08225673296514782,-0.23075591272077062
266,0.9524814140115303,-0.17960139440367884,-0.08319581580673396,-0.23151879259166475
267,0.952093906592964,-0.18023350105519104,-0.0841352663907462,-0.23228072471751815
268,0.9517045821805831,-0.1808650906451311,-0.08507508271505126,-0.23304170773369634
269,0.9513134416846465,-0.18149616106829558,-0.08601526277609634,-0.23380174027826064
270,0.9509204860194572,-0.18212671022083768,-0.08695580456891366,-0.23456082099197065
271,0.9505257161033616,-0.1827567360002723,-0.08789670608712541,-0.23531894851828708
272,0.9501291328587459,-0.18338623630548248,-0.0888379653229481,-0.23607612150337515
273,0.9497307372120348,-0.18401520903672466,-0.08977958026719773,-0.2368323385961069
274,0.9493305300936898,-0.1846436520956347,-0.09072154890929415,-0.23758759844806468
275,0.9489285124382049,-0.1852715633852331,-0.09166386923726585,-0.23834189971354341
276,0.9485246851841062,-0.18589894080993136,-0.09260653923775475,-0.23909524104955407
277,0.9481190492739486,-0.18652578227553712,-0.09354955689602112,-0.23984762111582636
278,0.9477116056543143,-0.18715208568926026,-0.09449292019594796,-0.24059903857481127
279,0.94730235527581,-0.18777784895971816,-0.095436627120046,-0.24134949209168471
280,0.9468912990930638,-0.18840306999694179,-0.09638067564945813,-0.24209898033434915
281,0.9464784380647249,-0.18902774671238126,-0.09732506376396455,-0.2428475019734378
282,0.9460637731534595,-0.18965187701891142,-0.09826978944198747,-0.24359505568231668
283,0.9456473053259485,-0.19027545883083746,-0.09921485066059513,-0.24434164013708737
284,0.9452290355528875,-0.1908984900639012,-0.100160245395508,-0.24508725401659048
285,0.94480896480898,-0.19152096863528567,-0.1011059716211021,-0.24583189600240804
286,0.9443870940729395,-0.1921428924636217,-0.10205202731041449,-0.2465755647788659
287,0.9439634243274846,-0.19276425946899334,-0.10299841043514796,-0.24731825903303756
288,0.9435379565593377,-0.19338506757294338,-0.10394511896567582,-0.24805997745474628
289,0.9431106917592214,-0.19400531469847887,-0.10489215087104653,-0.2488007187365679
290,0.9426816309218576,-0.1946249987700773,-0.10583950411898876,-0.2495404815738338
291,0.9422507750459638,-0.19524411771369174,-0.1067871766759155,-0.2502792646646334
292,0.9418181251342514,-0.19586266945675673,-0.10773516650692994,-0.2510170667098177
293,0.9413836821934228,-0.1964806519281938,-0.10868347157582908,-0.2517538864130011
294,0.9409474472341703,-0.1970980630584172,-0.10963208984510969,-0.2524897224805646
295,0.9405094212711708,-0.1977149007793397,-0.11058101927597219,-0.2532245736216586
296,0.9400696053230859,-0.19833116302437753,-0.11153025782832565,-0.2539584385482054
297,0.9396280004125592,-0.19894684772845692,-0.11247980346079281,-0.2546913159749021
298,0.9391846075662124,-0.1995619528280193,-0.11342965413071521,-0.25542320461922385
299,0.9387394278146434,-0.20017647626102664,-0.11437980779415718,-0.2561541032014254
300,0.9382924621924249,-0.20079041596696742,-0.11533026240591121,-0.25688401044454456
301,0.9378437117381003,-0.20140376988686243,-0.1162810159195026,-0.2576129250744053
302,0.9373931774941823,-0.2020165359632698,-0.11723206628719446,-0.25834084581961947
303,0.9369408605071495,-0.2026287121402909,-0.11818341145999223,-0.25906777141159
304,0.9364867618274442,-0.2032402963635762,-0.11913504938764899,-0.25979370058451395
305,0.9360308825094705,-0.20385128658033047,-0.12008697801866969,-0.26051863207538456
306,0.9355732236115907,-0.2044616807393183,-0.12103919530031645,-0.26124256462399403
307,0.9351137861961231,-0.2050714767908702,-0.12199169917861333,-0.2619654969729369
308,0.9346525713293398,-0.2056806726868879,-0.12294448759835097,-0.2626874278676115
309,0.9341895800814639,-0.20628926638084968,-0.1238975585030915,-0.26340835605622354
310,0.9337248135266659,-0.20689725582781612,-0.12485090983517375,-0.2641282802897884
311,0.9332582727430639,-0.20750463898443616,-0.1258045395357177,-0.26484719932213413
312,0.9327899588127164,-0.2081114138089517,-0.1267584455446294,-0.2655651119099031
313,0.9323198728216244,-0.20871757826120402,-0.1277126258006059,-0.26628201681255614
314,0.9318480158597263,-0.20932313030263885,-0.12866707824114013,-0.2669979127923734
315,0.9313743890208951,-0.20992806789631224,-0.12962180080252594,-0.26771279861445874
316,0.9308989934029367,-0.2105323890068959,-0.13057679141986264,-0.26842667304674084
317,0.9304218301075867,-0.21113609160068256,-0.1315320480270599,-0.2691395348599768
318,0.9299429002405075,-0.21173917364559217,-0.13248756855684313,-0.269851382827754
319,0.9294622049112868,-0.21234163311117665,-0.13344335094075763,-0.27056221572649314
320,0.9289797452334334,-0.21294346796862612,-0.13439939310917404,-0.27127203233545083
321,0.928495522324375,-0.21354467619077364,-0.13535569299129332,-0.2719808314367219
322,0.9280095373054565,-0.21414525575210172,-0.13631224851515056,-0.27268861181524184
323,0.9275217913019352,-0.21474520462874694,-0.13726905760762168,-0.27339537225879007
324,0.9270322854429807,-0.21534452079850602,-0.13822611819442643,-0.2741011115579914
325,0.9265410208616693,-0.21594320224084118,-0.13918342820013524,-0.2748058285063196
326,0.9260479986949838,-0.21654124693688542,-0.14014098554817192,-0.2755095219000992
327,0.925553220083809,-0.2171386528694485,-0.14109878816082083,-0.27621219053850854
328,0.9250566861729298,-0.217735418023022,-0.14205683395922966,-0.2769138332235816
329,0.9245583981110281,-0.21833154038378497,-0.14301512086341653,-0.2776144487602114
330,0.9240583570506798,-0.21892701793960948,-0.1439736467922726,-0.27831403595615156
331,0.9235565641483532,-0.21952184868006616,-0.1449324096635696,-0.2790125936220198
332,0.9230530205644039,-0.22011603059642937,-0.14589140739396184,-0.2797101205712993
333,0.9225477274630747,-0.22070956168168318,-0.14685063789899375,-0.28040661562034214
334,0.9220406860124907,-0.22130243993052637,-0.147810099093103,-0.2811020775883713
335,0.9215318973846571,-0.22189466333937796,-0.14876978888962686,-0.2817965052974829
336,0.9210213627554567,-0.2224862299063831,-0.14972970520080545,-0.28248989757264914
337,0.9205090833046465,-0.22307713763141795,-0.15068984593778864,-0.2831822532417208
338,0.9199950602158563,-0.2236673845160957,-0.15165020901063944,-0.28387357113542905
339,0.9194792946765827,-0.22425696856377153,-0.15261079232833996,-0.28456385008738855
340,0.91896178787819,-0.2248458877795484,-0.15357159379879526,-0.2852530889340993
341,0.9184425410159042,-0.22543414017028215,-0.1545326113288396,-0.28594128651494943
342,0.9179215552888121,-0.22602172374458745,-0.1554938428242407,-0.2866284416722178
343,0.9173988318998576,-0.2266086365128429,-0.15645528618970447,-0.28731455325107547
344,0.9168743720558382,-0.22719487648719605,-0.15741693932888043,-0.28799962009958957
345,0.9163481769674038,-0.22778044168156975,-0.15837880014436673,-0.288683641068724
346,0.9158202478490515,-0.22836533011166696,-0.15934086653771495,-0.28936661501234306
347,0.9152905859191249,-0.22894953979497631,-0.16030313640943475,-0.2900485407872136
348,0.9147591923998094,-0.2295330687507774,-0.16126560765899917,-0.2907294172530069
349,0.9142260685171305,-0.23011591500014644,-0.16222827818485017,-0.29140924327230133
350,0.9136912155009496,-0.23069807656596136,-0.1631911458844024,-0.2920880177105849
351,0.9131546345849619,-0.23127955147290763,-0.1641542086540493,-0.2927657394362574
352,0.9126163270066933,-0.23186033774748294,-0.16511746438916708,-0.29344240732063226
353,0.9120762940074971,-0.2324404334180034,-0.16608091098412076,-0.29411802023793965
354,0.9115345368325514,-0.23301983651460864,-0.16704454633226873,-0.29479257706532874
355,0.9109910567308553,-0.23359854506926678,-0.16800836832596738,-0.2954660766828695
356,0.9104458549552276,-0.2341765571157804,-0.16897237485657624,-0.29613851797355484
357,0.9098989327623005,-0.2347538706897913,-0.16993656381446387,-0.2968098998233041
358,0.9093502914125209,-0.2353304838287868,-0.17090093308901136,-0.29748022112096417
359,0.9087999321701437,-0.23590639457210397,-0.17186548056861872,-0.2981494807583119
360,0.9082478563032299,-0.2364816009609358,-0.1728302041407093,-0.2988176776300574
361,0.9076940650836451,-0.23705610103833602,-0.17379510169173423,-0.2994848106338445
362,0.9071385597870536,-0.23762989284922512,-0.17476017110717862,-0.3001508786702548
363,0.9065813416929174,-0.2382029744403949,-0.1757254102715658,-0.3008158806428088
364,0.9060224120844921,-0.23877534386051433,-0.1766908170684627,-0.3014798154579688
365,0.9054617722488252,-0.23934699916013477,-0.17765638938048464,-0.30214268202514044
366,0.9048994234767503,-0.23991793839169523,-0.17862212508930017,-0.30280447925667575
367,0.9043353670628864,-0.24048815960952777,-0.1795880220756367,-0.30346520606787464
368,0.9037696043056344,-0.24105766086986263,-0.18055407821928546,-0.3041248613769873
369,0.9032021365071727,-0.2416264402308338,-0.18152029139910553,-0.3047834441052169
370,0.9026329649734551,-0.24219449575248428,-0.18248665949303053,-0.30544095317672115
371,0.9020620910142081,-0.24276182549677117,-0.18345318037807207,-0.3060973875186147
372,0.901489515942925,-0.24332842752757106,-0.1844198519303261,-0.30675274606097147
373,0.9009152410768675,-0.24389429991068579,-0.18538667202497705,-0.30740702773682693
374,0.9003392677370573,-0.24445944071384684,-0.18635363853630313,-0.3080602314821793
375,0.8997615972482766,-0.24502384800672133,-0.18732074933768184,-0.3087123562359934
376,0.8991822309390634,-0.2455875198609171,-0.18828800230159431,-0.30936340094020115
377,0.8986011701417084,-0.24615045434998767,-0.1892553952996311,-0.31001336453970463
378,0.8980184161922518,-0.24671264954943845,-0.19022292620249642,-0.31066224598237824
379,0.89743397043048,-0.24727410353673043,-0.191190592880014,-0.31131004421907016
380,0.896847834199923,-0.2478348143912873,-0.1921583932011319,-0.3119567582036053
381,0.8962600088478504,-0.248394780194499,-0.19312632503392707,-0.31260238689278663
382,0.8956704957252682,-0.24895399902972815,-0.19409438624561132,-0.31324692924639813
383,0.8950792961869156,-0.24951246898231474,-0.1950625747025357,-0.313890384227206
384,0.8944864115912622,-0.2500701881395815,-0.19603088827019582,-0.31453275080096116
385,0.893891843300504,-0.25062715459083923,-0.19699932481323718,-0.3151740279364018
386,0.8932955926805607,-0.2511833664273917,-0.1979678821954596,-0.3158142146052546
387,0.8926976611010715,-0.2517388217425413,-0.19893655827982298,-0.31645330978223685
388,0.8920980499353932,-0.2522935186315941,-0.19990535092845244,-0.3170913124450599
389,0.8914967605605958,-0.2528474551918649,-0.20087425800264236,-0.31772822157442915
390,0.8908937943574593,-0.2534006295226828,-0.20184327736286303,-0.3183640361540477
391,0.8902891527104703,-0.2539530397253957,-0.20281240686876426,-0.31899875517061715
392,0.8896828370078196,-0.25450468390337644,-0.20378164437918161,-0.31963237761384117
393,0.8890748486413971,-0.25505556016202735,-0.20475098775214087,-0.32026490247642586
394,0.8884651890067896,-0.2556056666087855,-0.20572043484486358,-0.3208963287540828
395,0.8878538595032783,-0.25615500135312824,-0.2066899835137715,-0.32152665544553055
396,0.8872408615338331,-0.2567035625065779,-0.20765963161449252,-0.32215588155249747
397,0.8866261965051109,-0.25725134818270723,-0.20862937700186504,-0.32278400607972213
398,0.8860098658274518,-0.25779835649714467,-0.2095992175299438,-0.3234110280349569
399,0.8853918709148756,-0.2583445855675792,-0.21056915105200444,-0.32403694642896946
400,0.8847722131850777,-0.25889003351376566,-0.2115391754205489,-0.3246617602755444
401,0.8841508940594279,-0.2594346984575301,-0.2125092884873101,-0.32528546859148477
402,0.8835279149629645,-0.2599785785227747,-0.21347948810325798,-0.3259080703966153
403,0.8829032773243912,-0.2605216718354826,-0.21444977211860375,-0.3265295647137837
404,0.8822769825760757,-0.26106397652372393,-0.21542013838280527,-0.3271499505688621
405,0.8816490321540429,-0.26160549071765976,-0.21639058474457262,-0.32776922699074984
406,0.8810194274979751,-0.2621462125495485,-0.21736110905187234,-0.3283873930113747
407,0.8803881700512058,-0.2626861401537498,-0.21833170915193378,-0.3290044476656954
408,0.8797552612607168,-0.2632252716667306,-0.2193023828912528,-0.329620389991703
409,0.8791207025771357,-0.2637636052270699,-0.22027312811559824,-0.3302352190304228
410,0.8784844954547314,-0.26430113897546337,-0.2212439426700163,-0.3308489338259167
411,0.8778466413514104,-0.26483787105472945,-0.22221482439883605,-0.33146153342528484
412,0.877207141728715,-0.2653737996098137,-0.22318577114567392,-0.33207301687866725
413,0.8765659980518171,-0.2659089227877942,-0.22415678075344003,-0.3326833832392461
414,0.8759232117895169,-0.2664432387378861,-0.22512785106434247,-0.3332926315632471
415,0.8752787844142383,-0.2669767456114477,-0.22609897991989197,-0.3339007609099416
416,0.8746327174020256,-0.26750944156198464,-0.22707016516090872,-0.33450777034164864
417,0.8739850122325399,-0.2680413247451552,-0.22804140462752628,-0.33511365892373685
418,0.8733356703890548,-0.26857239331877564,-0.22901269615919628,-0.33571842572462496
419,0.8726846933584552,-0.2691026454428249,-0.2299840375946955,-0.33632206981578583
420,0.87203208263123,-0.2696320792794498,-0.23095542677212888,-0.33692459027174654
421,0.8713778397014721,-0.2701606929929701,-0.23192686152893627,-0.3375259861700904
422,0.8707219660668717,-0.27068848474988333,-0.23289833970189647,-0.3381262565914595
423,0.870064463228716,-0.2712154527188705,-0.2338698591271336,-0.3387254006195565
424,0.8694053326918827,-0.2717415950708001,-0.2348414176401209,-0.33932341734114496
425,0.8687445759648367,-0.2722669099787339,-0.23581301307568714,-0.33992030584605293
426,0.8680821945596285,-0.27279139561793153,-0.23678464326802126,-0.3405160652271736
427,0.8674181899918885,-0.2733150501658558,-0.23775630605067696,-0.3411106945804672
428,0.8667525637808241,-0.2738378718021777,-0.23872799925657925,-0.34170419300496335
429,0.866085317449216,-0.2743598587087812,-0.23969972071802864,-0.3422965596027621
430,0.865416452523415,-0.27488100906976803,-0.24067146826670607,-0.34288779347903564
431,0.864745970533337,-0.2754013210714634,-0.2416432397336795,-0.34347789374203097
432,0.8640738730124595,-0.2759207929024201,-0.24261503294940737,-0.34406685950307037
433,0.8634001614978205,-0.27643942275342426,-0.24358684574374512,-0.34465468987655395
434,0.8627248375300114,-0.27695720881749986,-0.24455867594595015,-0.34524138397996107
435,0.8620479026531747,-0.2774741492899138,-0.2455305213846854,-0.3458269409338518
436,0.8613693584150003,-0.27799024236818076,-0.2465023798880278,-0.3464113598618691
437,0.8606892063667219,-0.2785054862520683,-0.2474742492834701,-0.3469946398907402
438,0.8600074480631126,-0.279019879143602,-0.24844612739792823,-0.34757678015027826
439,0.8593240850624821,-0.2795334192470697,-0.24941801205774597,-0.34815777977338397
440,0.8586391189266718,-0.28004610476902736,-0.2503899010886992,-0.3487376378960477
441,0.8579525512210525,-0.2805579339183033,-0.25136179231600314,-0.34931635365735003
442,0.8572643835145185,-0.28106890490600345,-0.2523336835643154,-0.34989392619946497
443,0.8565746173794859,-0.2815790159455159,-0.25330557265774245,-0.35047035466766
444,0.8558832543918876,-0.2820882652525164,-0.2542774574198446,-0.351045638210299
445,0.8551902961311708,-0.28259665104497295,-0.255249335673641,-0.3516197759788424
446,0.8544957441802903,-0.2831041715431504,-0.25622120524161507,-0.35219276712785086
447,0.8537996001257082,-0.28361082496961587,-0.25719306394571995,-0.3527646108149845
448,0.853101865557388,-0.28411660954924367,-0.2581649096073829,-0.3533353062010065
449,0.8524025420687908,-0.2846215235092191,-0.2591367400475114,-0.35390485244978337
450,0.8517016312568723,-0.2851255650790452,-0.26010855308649816,-0.35447324872828717
451,0.8509991347220787,-0.28562873249054577,-0.2610803465442259,-0.3550404942065969
452,0.8502950540683423,-0.2861310239778713,-0.262052118240073,-0.3556065880578998
453,0.8495893909030776,-0.2866324377775038,-0.2630238659929188,-0.3561715294584932
454,0.8488821468371786,-0.28713297212826105,-0.2639955876211483,-0.35673531758778626
455,0.8481733234850136,-0.287632625271302,-0.26496728094265826,-0.35729795162830114
456,0.8474629224644218,-0.2881313954501316,-0.2659389437748615,-0.3578594307656742
457,0.8467509453967094,-0.2886292809106051,-0.2669105739346931,-0.35841975418865885
458,0.846037393906646,-0.2891262799009334,-0.2678821692386145,-0.358978921089125
459,0.8453222696224597,-0.28962239067168793,-0.2688537275026198,-0.3595369306620626
460,0.8446055741758344,-0.29011761147580484,-0.26982524654224027,-0.3600937821055819
461,0.843887309201905,-0.29061194056859063,-0.27079672417255,-0.3606494746209152
462,0.8431674763392536,-0.29110537620772636,-0.2717681582081715,-0.3612040074124186
463,0.8424460772299059,-0.2915979166532726,-0.2727395464632798,-0.3617573796875729
464,0.8417231135193269,-0.29208956016767434,-0.2737108867516085,-0.362309590656986
465,0.8409985868564172,-0.2925803050157658,-0.27468217688645546,-0.3628606395343933
466,0.8402724988935081,-0.2930701494647747,-0.275653414680687,-0.3634105255366597
467,0.8395448512863595,-0.29355909178432826,-0.2766245979467434,-0.36395924788378115
468,0.8388156456941538,-0.29404713024645596,-0.2775957244966453,-0.3645068057988856
469,0.8380848837794931,-0.2945342631255968,-0.2785667921419973,-0.36505319850823503
470,0.8373525672083949,-0.2950204886986018,-0.27953779869399437,-0.36559842524122627
471,0.836618697650289,-0.2955058052447402,-0.2805087419634266,-0.3661424852303929
472,0.8358832767780103,-0.29599021104570333,-0.2814796197606846,-0.366685377711406
473,0.8351463062678002,-0.29647370438561016,-0.28245042989576474,-0.36722710192307656
474,0.8344077877992964,-0.29695628355101134,-0.28342117017827445,-0.3677676571073555
475,0.8336677230555337,-0.2974379468308942,-0.2843918384174376,-0.3683070425093366
476,0.8329261137229375,-0.29791869251668746,-0.2853624324220996,-0.3688452573772566
477,0.8321829614913203,-0.29839851890226593,-0.28633295000073244,-0.3693823009624967
478,0.831438268053877,-0.29887742428395525,-0.2873033889614405,-0.36991817251958486
479,0.8306920351071827,-0.29935540696053664,-0.28827374711196563,-0.3704528713061964
480,0.8299442643511865,-0.2998324652332513,-0.2892440222596921,-0.3709863965831551
481,0.829194957489208,-0.30030859740580557,-0.2902142122116522,-0.3715187476144347
482,0.8284441162279343,-0.30078380178437525,-0.2911843147745319,-0.3720499236671613
483,0.8276917422774148,-0.30125807667761034,-0.29215432775467487,-0.3725799240116128
484,0.826937837351056,-0.3017314203966396,-0.2931242489580888,-0.37310874792122123
485,0.8261824031656201,-0.3022038312550758,-0.2940940761904509,-0.3736363946725744
486,0.8254254414412191,-0.3026753075690198,-0.2950638072571123,-0.37416286354541645
487,0.8246669539013102,-0.30314584765706465,-0.296033439963104,-0.37468815382264953
488,0.8239069422726936,-0.3036154498403021,-0.2970029721131416,-0.3752122647903346
489,0.8231454082855058,-0.304084112442325,-0.2979724015116311,-0.3757351957376934
490,0.8223823536732179,-0.3045518337892338,-0.298941725962674,-0.3762569459571092
491,0.8216177801726293,-0.30501861220963983,-0.2999109432700725,-0.37677751474412813
492,0.8208516895238652,-0.3054844460346707,-0.300880051237335,-0.37729690139746064
493,0.8200840834703712,-0.3059493335979746,-0.3018490476676811,-0.37781510521898204
494,0.8193149637589096,-0.30641327323572487,-0.30281793036404725,-0.37833212551373513
495,0.8185443321395557,-0.30687626328662493,-0.30378669712909134,-0.37884796158992934
496,0.8177721903656923,-0.3073383020919125,-0.304755345765199,-0.3793626127589441
497,0.8169985401940062,-0.3077993879953642,-0.3057238740744886,-0.37987607833532855
498,0.8162233833844846,-0.30825951934330065,-0.3066922798588152,-0.38038835763680284
499,0.8154467217004098,-0.30871869448459005,-0.30766056091977856,-0.38089944998426073
