,0,1,2,3
0,0.4103368317387879,0.0,0.9119340351793948,0.0
1,0.47509900367455415,-0.11191089065805183,0.8715811890559984,-0.045859787868016456
2,0.5255556080578729,-0.22587689404058356,0.8154988601267126,-0.08793486629051693
3,0.5609124530973028,-0.33926448248526997,0.74481225115816,-0.12462560494971126
4,0.5807693958845312,-0.44941021879668447,0.6609604899770283,-0.15449464306039798
5,0.5851260972089732,-0.553685737669307,0.5656635787819215,-0.1763073166553766
6,0.5743776895391346,-0.6495622539635507,0.4608827549901202,-0.18906674519384384
7,0.5493005042757307,-0.7346729982053589,0.3487752236123146,-0.1920426648027884
8,0.5110282529755547,-0.806872027770592,0.23164435811505074,-0.18479325424806994
9,0.46101929565589617,-0.8642879489509154,0.11188657662085266,-0.1671793776254327
10,0.40101585156828534,-0.9053712083472196,-0.008063819603322975,-0.13937086029821175
11,0.33299620843408106,-0.928933768758164,-0.12579051008044473,-0.10184461695632802
12,0.2591211600631924,-0.9341801710489384,-0.2389503707997589,-0.05537465775189357
13,0.18167604519936598,-0.9207291947837666,-0.3453267088737946,-0.0010142050820061699
14,0.10300986879568472,-0.8886255614465527,-0.44287923418333514,0.05992964544928525
15,0.025473058031531992,-0.8383413691254064,-0.5297895683574365,0.12592809609893316
16,-0.04864456252153107,-0.7707672005160854,-0.6045012032845647,0.1952688515181014
17,-0.11717399987603046,-0.6871931007249412,-0.6657529599148511,0.2660994032945347
18,-0.17812399631974335,-0.5892798712991852,-0.7126051599355585,0.33647430994047167
19,-0.22973316405829894,-0.479021365971501,-0.7444579039488088,0.40440528374726525
20,-0.2705160289313521,-0.3586986958367624,-0.761061045543402,0.4679128216373228
21,-0.2993018163663016,-0.23082745155782983,-0.7625156562587009,0.5250780744684669
22,-0.3152649970374915,-0.09809922275697558,-0.7492669867735062,0.574093639286117
23,-0.31794681863969976,0.03668116430012466,-0.7220891394876177,0.6133119820584895
24,-0.30726727852156127,0.17066116378358048,-0.6820618717849486,0.6412902539281252
25,-0.28352723393197043,0.3010071871044145,-0.6305401426068445,0.6568303506170476
26,-0.24740059624336913,0.42497081575247486,-0.5691171927265358,0.659013180202163
27,-0.1999168064731714,0.5399529379674984,-0.4995821068954367,0.6472262461765219
28,-0.14243403543768396,0.6435642484006672,-0.4238729399250094,0.6211838170209766
29,-0.07660378677463027,0.7336806398673181,-0.34402659546768616,0.5809391363530111
30,-0.004327798971136609,0.808492142584794,-0.26212672314037394,0.5268883245531294
31,0.07229166203100766,0.8665442257926372,-0.18025094481312415,0.4597658287000124
32,0.15100686001541058,0.9067704654001445,-0.10041873327405626,0.380631487549211
33,0.22948359934254658,0.9285157946066679,-0.02454124580874356,0.2908494869393667
34,0.30536269190163784,0.9315497869912606,0.045625637947820596,0.19205968320544803
35,0.3763223187095756,0.9160696675909994,0.10852390885079549,0.08614196287819637
36,0.44013970001208663,0.8826930008684496,0.16283060006355385,-0.024825518606146388
37,0.49475050287843747,0.8324402589138113,0.20748862560021264,-0.13861322262892026
38,0.5383044698857162,0.7667077224170427,0.24173053541855435,-0.2528911116140462
39,0.5692158452161963,0.6872314046932176,0.2650946175117654,-0.36528230414911805
40,0.5862073030423552,0.5960429094506734,0.2774329720731674,-0.47341820197372353
41,0.5883462442533065,0.49541833058997936,0.27891138655036113,-0.5749937504364903
42,0.575072517371762,0.3878214722157597,0.2700010481518581,-0.6678214877113513
43,0.5462168331935131,0.2758428050278809,0.25146233691075076,-0.7498830649946595
44,0.5020093749245388,0.16213567792442335,0.2243211425692233,-0.8193769794351683
45,0.44307835060095646,0.04935136846798732,0.18983833730980967,-0.8747613522250053
46,0.37043848623957465,-0.05992541874544344,0.14947320899636862,-0.9147907038733196
47,0.2854697101983192,-0.1632390114213778,0.10484181177739854,-0.938545824247645
48,0.1898865253307091,-0.25832164649485945,0.05767131883729569,-0.94545600290737
49,0.08569879954633881,-0.3431473170785386,0.009751562556706388,-0.9353130714182388
50,-0.024835078512140216,-0.4159792703137403,-0.03711498215133716,-0.9082769091221298
51,-0.13926153920319834,-0.47540999815218665,-0.08116347678870388,-0.8648722722987847
52,-0.25499036296216854,-0.5203927528860011,-0.12071595988600327,-0.8059770186357376
53,-0.36935696634408804,-0.5502638329232427,-0.1542282754354706,-0.7328020091715867
54,-0.47968690997096164,-0.5647551165261768,-0.18033347423492607,-0.6468631731907268
55,-0.5833610366873594,-0.5639965661807267,-0.19788056286352143,-0.5499464128914875
56,-0.6778796291399936,-0.5485086778239301,-0.20596759307789647,-0.44406619928853663
57,-0.7609239969595303,-0.5191851010355902,-0.20396822796221672,-0.33141886442348184
58,-0.8304139642441242,-0.47726590220938436,-0.19155108658637485,-0.21433172374662474
59,-0.8845598266461773,-0.42430217651789703,-0.16869135207408062,-0.09520926331654495
60,-0.9219074816195423,-0.36211293034080705,-0.13567432426237896,0.02352230324294774
61,-0.9413756019777144,-0.29273534835185006,-0.09309080262210302,0.13947076501399294
62,-0.9422839177221017,-0.2183697238587331,-0.04182439267363244,0.2503325833399013
63,-0.9243718892966253,-0.14132046316633184,0.016968965435700617,0.35394518103893285
64,-0.8878072916003148,-0.06393467139881545,0.0818887493857045,0.4483355924957146
65,-0.833184476383635,0.011460114028901763,0.15132420549081213,0.5317643076893612
66,-0.7615123349038968,0.08261745670734805,0.22349444625396084,0.6027632637529108
67,-0.6741922366074667,0.1474312561501181,0.2964932953245417,0.660167083877873
68,-0.5729864668357872,0.2039911789244345,0.36833775769941185,0.7031368316316746
69,-0.45997792097709567,0.2506328781137444,0.4370188982056459,0.731175734849792
70,-0.3375220282820913,0.2859817260933643,0.5005538469245099,0.7441365325624575
71,-0.20819207036766488,0.3089889504576601,0.557037617901416,0.7422203059562675
72,-0.0747192224821914,0.31895925565188643,0.6046934280792474,0.7259668649900066
73,0.06007122415272695,0.31556922859898306,0.6419202369132624,0.6962369707444854
74,0.19332590641183628,0.29887605996127103,0.667336292772833,0.6541868747080455
75,0.32223009142169873,0.26931635778895824,0.6798175684036599,0.6012358449887936
76,0.44407341243308,0.22769508103718206,0.6785300920453556,0.5390275212180099
77,0.5563130381645588,0.17516487049633978,0.6629553302006612,0.46938609041028356
78,0.6566327390595894,0.11319629780810143,0.6329079488329264,0.39426840155119924
79,0.7429964155666042,0.04353978333664274,0.5885454676908667,0.31571323409498553
80,0.8136947906687394,-0.03181985503880669,0.530369522856198,0.23578900247711568
81,0.8673841380455675,-0.11071507294834096,0.4592186604987185,0.15654121354696288
82,0.9031161142369428,-0.19085218271458182,0.3762527950322265,0.07994099567231783
83,0.9203579831004465,-0.26987141541859616,0.28292967216003373,0.007835987152671253
84,0.9190027582412397,-0.3454089388927759,0.18097387651580316,-0.058095191684012226
85,0.8993690380459154,-0.4151592572057383,0.07233910977779552,-0.11638375211901603
86,0.8621905622831959,-0.47693640523314634,-0.040835366383176155,-0.1658058277788294
87,0.8085957726253946,-0.5287323797652633,-0.15627308157681696,-0.20541098085201856
88,0.740077905601913,-0.5687713156115539,-0.2716123402195786,-0.23454343055782473
89,0.6584563793083381,-0.5955580196703969,-0.3844605829169225,-0.2528554961585975
90,0.5658304488849069,-0.6079196153456718,-0.4924498097896996,-0.2603129448006076
91,0.4645262950469781,-0.6050392205463301,-0.5932917207860859,-0.25719213996018697
92,0.35703887010891633,-0.5864807805474407,-0.6848312321887002,-0.24406909410804112
93,0.24596995302865732,-0.5522043972884226,-0.7650970658311136,-0.22180073417152996
94,0.133963955876179,-0.5025717337447412,-0.8323481770765312,-0.1914988853340547
95,0.023643076560830423,-0.4383413199208017,-0.8851148876800506,-0.15449766272652132
96,-0.08245659463561356,-0.36065383958819286,-0.9222337177918332,-0.11231512702768084
97,-0.18194643446668202,-0.27100772782927246,-0.9428750644002029,-0.0666102047286227
98,-0.272642598403518,-0.17122565247411836,-0.9465630476806892,-0.01913599320743936
99,-0.35261787511639237,-0.06341268156600871,-0.9331870377027818,0.02830933818576453
100,-0.4202468134476099,0.050092851670190744,-0.9030045770258825,0.07393277939442314
101,-0.47424302221463344,0.16677459048923088,-0.8566356248637034,0.11599654332027107
102,-0.5136877410271753,0.2839981522202776,-0.7950482605100863,0.15286666645724845
103,-0.5380490003879308,0.39907440971888203,-0.7195361923504708,0.1830588883033555
104,-0.5471909261639438,0.5093244997186642,-0.6316886188671673,0.20528062038065964
105,-0.5413729911397744,0.6121449548868056,-0.5333531746309037,0.21846791476585714
106,-0.5212392686030651,0.7050713499722894,-0.42659286273908725,0.2218164686727851
107,-0.48779799346393615,0.7858388860333707,-0.3136380213463174,0.2148058526585268
108,-0.442391979012702,0.8524384095332754,-0.1968344922225579,0.19721632165998074
109,-0.3866606660178915,0.9031664733164376,-0.07858925070023637,0.16913775600416764
110,-0.32249478975255447,0.9366681914044066,0.03868518331772347,0.13097047906046444
111,-0.2519848345003952,0.951971815599006,0.1526262058991363,0.08341790431181945
112,-0.17736459954757866,0.9485141646918662,0.260975119326071,0.027471172143908984
113,-0.10095132176363109,0.9261562616283492,0.36162834883839806,-0.035613859622172145
114,-0.025083884602608575,0.8851887746913578,0.4526846534406701,-0.10434671261212478
115,0.047939310389037634,0.8263271096841572,0.5324871994430611,-0.17703873234333323
116,0.11592122682970643,0.7506962549729864,0.5996594943247399,-0.2518449777264281
117,0.17682428191821425,0.6598057337717163,0.6531343320131497,-0.32681051291506885
118,0.2288241624417959,0.5555152619411895,0.6921750749345301,-0.3999199445796629
119,0.2703579999533946,0.4399919387775808,0.7163887888630078,-0.469148962338551
120,0.30016568019562473,0.31566000708377634,0.7257309489273653,-0.5325165857788399
121,0.3173232361030414,0.18514440206841218,0.7205016440869996,-0.5881367996306253
122,0.32126747435052805,0.05120946174672869,0.7013334177620874,-0.6342682698056014
123,0.3118112074017331,-0.08330570927748099,0.6691710888653227,-0.6693608769320539
124,0.2891487007819652,-0.21555364844876784,0.6252440951001961,-0.6920978796520484
125,0.25385119289489444,-0.3427450987224399,0.5710320841562276,-0.7014326254400907
126,0.20685259591524538,-0.462214105868117,0.5082246437857872,-0.6966188594550621
127,0.14942573482421828,-0.5714800653221448,0.43867620459311435,-0.6772338386668385
128,0.08314972127978142,-0.6683052101552058,0.364357266170549,-0.6431936353223839
129,0.00986928372278581,-0.7507461448569954,0.28730318509839603,-0.59476020634662
130,-0.06835292072416058,-0.8171981772355511,0.20956182012488417,-0.5325400087292158
131,-0.1492898085270504,-0.8664313791118037,0.1331413541801551,-0.45747415027239285
132,-0.2306078338177072,-0.8976175112222337,0.059959604182459936,-0.37082027505975523
133,-0.30992794747577007,-0.9103471737319331,-0.00820391187960584,-0.2741265884251436
134,-0.38488800674000356,-0.9046367853872239,-0.06975195428532838,-0.16919862193692697
135,-0.45320505193005756,-0.8809252455940546,-0.12330849405976857,-0.058059520087940575
136,-0.512735867641269,-0.840060388350985,-0.1677516355672523,0.05709520752444276
137,-0.5615342862847205,-0.7832755886661291,-0.20223972040043192,0.17394738577740862
138,-0.5979037710918038,-0.7121571245944754,-0.22622997801257888,0.290109130245771
139,-0.6204439317284093,-0.6286031253245637,-0.23948927848901083,0.4031777820049089
140,-0.6280897755898651,-0.5347751421816682,-0.2420967437097154,0.5107914915003984
141,-0.6201426779470804,-0.4330435598800516,-0.23443817987603896,0.6106841033230233
142,-0.5962922599049323,-0.3259282153795977,-0.21719250177204708,0.7007380083675636
143,-0.5566285894900036,-0.2160357075724123,-0.19131052200365528,0.7790336774406773
144,-0.5016443624648336,-0.10599495988520385,-0.15798667171872896,0.8438946697576786
145,-0.432226969652945,0.0016073622013350053,-0.11862439811438144,0.8939270189805135
146,-0.3496406104113811,0.10428997670730294,-0.0747961439025263,0.928052035807724
147,-0.25549886109374154,0.19973709164287654,-0.02819895082533977,0.9455317262652765
148,-0.15172834668349114,0.28585400901267133,0.01939316014155408,0.9459862048062865
149,-0.04052438726448497,0.36081685849412987,0.06617879785821038,0.9294026766570596
150,0.07570030695434665,0.4231152424739437,0.1103795151022714,0.8961357697129497
151,0.19437264278615013,0.4715867538420316,0.1502895256254021,0.8468992075945961
152,0.31282045944425263,0.5054425333408386,0.18432353725275258,0.7827490269925065
153,0.4283366480631164,0.52428325920259,0.2110614617078002,0.7050587489193577
154,0.538244498417255,0.528105202622513,0.22928884077288503,0.6154871098435927
155,0.6399626621691361,0.5172962322867113,0.23803193666024636,0.5159391400360482
156,0.7310681282545957,0.49262190345626256,0.23658656935702965,0.4085215383371127
157,0.8093556521650993,0.4552020156982104,0.22453994184038012,0.2954934309439222
158,0.872892165789867,0.4064782620384605,0.20178487147289115,0.17921371330770547
159,0.920064816050718,0.3481738151301599,0.16852603813723988,0.062086256071965995
160,0.949621435798484,0.2822458974213682,0.1252780619324623,-0.053495693838622516
161,0.9607024355026559,0.21083255724260044,0.07285543046093255,-0.16520456857533564
162,0.9528633145724107,0.13619501685579372,0.012354502686993007,-0.2708316587644249
163,0.9260872214847533,0.06065706822043128,-0.05487198214808564,-0.3683371334154243
164,0.8807872365511837,-0.013456935189633354,-0.12724727107397749,-0.4558956973125045
165,0.8177983040576665,-0.0838839085450283,-0.20300904423183935,-0.5319367929817287
166,0.7383589953865551,-0.14848211194549857,-0.2802529908728312,-0.5951783913002835
167,0.6440835352456721,-0.20528794270133216,-0.3569804310683969,-0.6446535752178171
168,0.5369247630685833,-0.25256799764241,-0.43114879436522047,-0.6797293008897475
169,0.4191289250529692,-0.28886507996617944,-0.5007236909532415,-0.7001169152921795
170,0.2931833936224727,-0.31303697891005033,-0.5637312668325961,-0.7058742142437244
171,0.1617585853324869,-0.324287033742597,-0.6183095231024336,-0.6973990345982012
172,0.027645491065537153,-0.3221857016164042,-0.6627573011721339,-0.6754145839710012
173,-0.10630965976877402,-0.30668257649738384,-0.6955796899096205,-0.6409469155070558
174,-0.2372720090764032,-0.27810854797375834,-0.7155286961747763,-0.5952951488154438
175,-0.3624843311466629,-0.2371680381977299,-0.721638134741646,-0.5399952164762134
176,-0.4793313313974295,-0.18492150627185874,-0.7132518344652751,-0.47677807404581285
177,-0.5854004184180065,-0.12275865576765532,-0.6900444212140446,-0.40752344632121085
178,-0.6785374727683613,-0.05236301657938708,-0.6520341205114631,-0.3342102904350461
179,-0.7568962603119915,0.024331208933774412,-0.5995872194863382,-0.25886523448733734
180,-0.8189802955629986,0.1051889490669881,-0.533414033734008,-0.18351029695725757
181,-0.8636761476890196,0.1879294593870962,-0.45455643492362424,-0.11011120595585189
182,-0.8902773937737972,0.27018551920966316,-0.3643672042189511,-0.04052761816839212
183,-0.8984986554322857,0.3495651313275278,-0.26448167960521496,0.023533514390079058
184,-0.8884794001300207,0.4237141629143451,-0.15678235697692694,0.08056026459213328
185,-0.8607774414885613,0.49037833921979723,-0.0433572805618595,0.129272684163041
186,-0.8163523271726131,0.5474630152076612,0.07354678644684504,0.16865347640335263
187,-0.7565390523326005,0.5930892033501385,0.19157528918230576,0.19797163367488466
188,-0.683012774824279,0.625644427078561,0.3083196810294102,0.2167984653596524
189,-0.5977454296295448,0.6438270966433407,0.42137279763674407,0.22501563589354834
190,-0.5029553385712797,0.6466832641976478,0.5283844652158844,0.22281503568620625
191,-0.4010510826250522,0.6336348038102074,0.6271159951286309,0.2106905151626453
192,-0.29457104364233033,0.6044982751330591,0.7154922418397722,0.18942171859562262
193,-0.1861201266655938,0.5594939612944823,0.7916499590651285,0.16005045466093626
194,-0.07830524066477612,0.4992448164781652,0.8539812779580033,0.12385022971851282
195,0.02632885717351996,0.4247653104812592,0.9011712492614368,0.08228974295911848
196,0.1253617611661262,0.33744041003393144,0.9322285355945136,0.0369912954188832
197,0.21655612076567016,0.2389951835103098,0.9465085068752092,-0.010314806380337369
198,0.29791139865971045,0.13145575070123672,0.9437281771837132,-0.05783866998554807
199,0.3677113605622888,0.017102516681318736,0.9239726205546015,-0.10378080603877007
200,0.4245641334261047,-0.10158317694805612,0.8876927113233036,-0.14638239317883042
201,0.46743385713173563,-0.22197768388183556,0.8356942465901507,-0.18397451802227124
202,0.49566316714126135,-0.3413775343046034,0.7691187188568216,-0.21502511508110472
203,0.5089859768153562,-0.45706423312472044,0.6894162107248831,-0.238182389343065
204,0.5075302722965678,-0.5663697822735565,0.5983110756794339,-0.25231359287460997
205,0.49181088394739775,-0.6667413129727899,0.4977612446593148,-0.25653814398917885
206,0.46271245002002825,-0.7558032328297916,0.38991215299438997,-0.250254220319615
207,0.4214630342337432,-0.8314153512122838,0.27704641254396833,-0.2331581219678123
208,0.3695990930986699,-0.8917255431473146,0.1615304562837998,-0.20525588364773975
209,0.3089227053015305,-0.9352156446027989,0.04575945464131426,-0.16686681081114954
210,0.24145216885520943,-0.9607394371668877,-0.06789815719738695,-0.11861881923441803
211,0.16936723718273247,-0.9675517737542699,-0.17715519495721557,-0.06143566532336164
212,0.09495039873069726,-0.955328114242969,-0.2798579642817772,0.0034836397506773364
213,0.0205257027620573,-0.9241739754937245,-0.3740349624132279,0.07469274020132642
214,-0.05160330577646244,-0.8746240481842406,-0.457940871921369,0.15053249149153958
215,-0.11921495847500531,-0.8076309871490106,-0.5300947947102042,0.22917131341784958
216,-0.18022857780493595,-0.7245441361415881,-0.5893118192133034,0.3086503430433176
217,-0.23275982682510837,-0.627078695818807,-0.6347271805866548,0.3869322660247405
218,-0.27517088355303554,-0.5172760791314567,-0.6658124586519549,0.4619526087239573
219,-0.3061141608155876,-0.39745641534859244,-0.6823834567196723,0.5316722077010659
220,-0.32456845605137846,-0.27016435725487387,-0.6845996112848646,0.594129539439083
221,-0.3298666072355129,-0.13810951084200102,-0.6729549927852804,0.6474915923247807
222,-0.3217139460304251,-0.0041029389777700875,-0.6482611659083144,0.6901019950677374
223,-0.3001970720468813,0.12900871320055915,-0.6116223791481228,0.7205251801137884
224,-0.265782716892923,0.2584098654433976,-0.5644037424445427,0.7375854556301488
225,-0.21930671736067617,0.3813817981119306,-0.5081932240840092,0.7403999829717008
226,-0.1619533673693472,0.49536599438945395,-0.44475844933278297,0.7284048051374804
227,-0.09522566187438697,0.5980234884227281,-0.37599940975741464,0.7013732419171483
228,-0.020907176760755014,0.687288778431927,-0.30389829073865027,0.6594261549920305
229,0.05898345902560495,0.7614169990165012,-0.23046769287642183,0.6030337865412687
230,0.14224435451435785,0.8190232142975433,-0.1576985591460464,0.533009082937403
231,0.22654710660763253,0.8591128890061146,-0.08750912293169522,0.4504926257276629
232,0.30949707745395716,0.8811028132850105,-0.021696162387334073,0.3569295000505842
233,0.3886956766791565,0.884831993378448,0.03811021526603753,0.2540386307576693
234,0.4618030727590667,0.8705622686580448,0.09048712832403466,0.14377530381435338
235,0.5265997442171721,0.8389686694007742,0.13425380354804298,0.028287760377707694
236,0.5810453075867927,0.7911197830806531,0.16849992282554044,-0.0901311009451167
237,0.6233331245602405,0.7284486433652395,0.19260673626480818,-0.20909575545842668
238,0.6519392938454845,0.6527148893984779,0.20626042912975753,-0.3261825649433049
239,0.6656647714114649,0.5659591575090475,0.20945742736387452,-0.43898545563091573
240,0.6636695325976487,0.47045085788481456,0.2025015314989828,-0.5451714148390612
241,0.6454978867710465,0.36863065027967296,0.18599297634551865,-0.6425344617984601
242,0.6110942749272381,0.2630490614716011,0.16080971880571066,-0.7290467836481358
243,0.5608091173806045,0.15630277979215274,0.12808145329709603,-0.8029057953541848
244,0.4953945265729236,0.05097021632075138,0.08915703867522545,-0.8625759807370399
245,0.41598995287009427,-0.05045206303969091,0.04556618757605618,-0.9068244984537852
246,0.3240980827070254,-0.14561045574836579,-0.0010235854290853996,-0.9347496885451496
247,0.22155155230531556,-0.23235147689335206,-0.04885364020891034,-0.9458017882701015
248,0.1104712703388803,-0.30877353771018623,-0.09612330328153776,-0.939795356131265
249,-0.006782646390334518,-0.37327207396440504,-0.14104010565728264,-0.916913105535327
250,-0.12766613424742895,-0.4245769188846457,-0.1818698666894191,-0.8777010594200684
251,-0.24951129443757988,-0.4617810117962724,-0.21698532770416615,-0.8230551492175986
252,-0.36958988519539615,-0.4843597525304238,-0.24491207531745898,-0.7541995904623768
253,-0.4851786377607198,-0.4921805475863344,-0.26437056232210093,-0.6726575680208798
254,-0.5936247911307009,-0.4855023409988113,-0.27431313214544395,-0.5802149513518806
255,-0.692410232115556,-0.46496517472828847,-0.27395507868090896,-0.4788779297655169
256,-0.779212658817417,-0.4315700738482598,-0.2627989236392586,-0.37082560514525553
257,-0.8519622565383962,-0.3866497945921823,-0.2406512646831218,-0.25835870138673234
258,-0.9088924835673904,-0.3318312023712558,-0.20763173521732153,-0.1438456428891397
259,-0.94858370762046,-0.26899025646311475,-0.16417381610793647,-0.02966731651983001
260,-0.9699986083745125,-0.20020076296546416,-0.11101744579909424,0.08183813895609227
261,-0.9725084632141306,-0.12767821319187805,-0.04919358311933475,0.1884291756414089
262,-0.9559096570088891,-0.0537201470788396,0.019998918692224962,0.2880120078852873
263,-0.9204299969077232,0.019355432678452855,0.09502357268081003,0.37868787761592415
264,-0.8667246638189448,0.0892720222816272,0.1741429176223756,0.4587952783188333
265,-0.7958618872202732,0.1538553726043483,0.2554606765315923,0.5269461296346901
266,-0.709298682883373,0.2110914889880644,0.33696837313079253,0.5820550465774676
267,-0.6088472377239089,0.2591803954951838,0.4165952496417739,0.6233610203428148
268,-0.49663275622816094,0.29658429178170714,0.4922602425182685,0.6504410172686077
269,-0.37504379304526086,0.3220688729601403,0.5619247169875689,0.6632152039925265
270,-0.2466762811541502,0.33473675594920216,0.6236446379449776,0.6619437152017109
271,-0.11427261992975146,0.3340521555084781,0.6756208644643199,0.6472150903950018
272,0.019342691399326928,0.3198561744289081,0.7162462977474895,0.6199267125492731
273,0.15132930499357622,0.2923723096483833,0.7441486867116912,0.5812577793598135
274,0.278897544863314,0.2522020234400824,0.7582279997857885,0.5326355218935251
275,0.39937357545631735,0.20031048008007019,0.7576874032883062,0.47569555147757414
276,0.5102616317689203,0.13800279724372533,0.7420570427349754,0.4122373593269414
277,0.6093017980930127,0.06689140157061983,0.7112099997136665,0.34417611123351655
278,0.6945219336151254,-0.011144696647912872,0.6653699892008816,0.2734919686845556
279,0.764282488801876,-0.09400768952052697,0.6051105656077773,0.20217822585941164
280,0.8173131332082397,-0.17943461850585318,0.5313458153848514,0.13218957765268757
281,0.8527403186288973,-0.26505553271004156,0.44531272447650555,0.06539182658245551
282,0.8701051263173125,-0.3484546930297616,0.348545615067543,0.0035142963811119476
283,0.8693709877267097,-0.42723327736759614,0.2428432427747485,-0.051893851730927976
284,0.8509211188922025,-0.4990720015615551,0.1302293278120493,-0.09950230579343028
285,0.81554576293899,-0.5617920698114282,0.012907457154632235,-0.1382323276193071
286,0.7644195869435169,-0.6134129072988179,-0.10678856472909386,-0.1672827029295477
287,0.6990698222356524,-0.6522052054386858,-0.22644772492525164,-0.18614827830058217
288,0.6213359651774729,-0.6767379248515889,-0.3436368944759246,-0.19463063530565353
289,0.5333220628284872,-0.6859180498673921,-0.45595667436760645,-0.1928406525246041
290,0.4373427895641432,-0.6790220674720531,-0.5610966447741651,-0.1811929124590922
291,0.3358646721518932,-0.6557183486367177,-0.6568886799603789,-0.1603921176409535
292,0.23144393826095896,-0.6160798358217958,-0.7413570369944344,-0.13141188315705132
293,0.12666254398896132,-0.5605866815044126,-0.8127640040468119,-0.09546646634242018
294,0.024063977752301735,-0.49011873283018187,-0.8696500016563826,-0.0539761736576643
295,-0.07390956020181211,-0.4059380107018147,-0.9108671652666424,-0.008527345269045888
296,-0.16497704136132116,-0.3096615814727436,-0.9356055962413189,0.03917204443719183
297,-0.24707407113978036,-0.20322545968038702,-0.9434116475277278,0.08734002070718475
298,-0.31840255902678927,-0.0888404049322217,-0.9341978047197259,0.1341702445161172
299,-0.3774733738954245,0.03105932046271624,-0.9082439286627195,0.17788236747836775
300,-0.42314093988084783,0.15387298933043375,-0.8661898368555581,0.21677180323882173
301,-0.4546289323440046,0.2768948526756571,-0.8090194125116706,0.2492576269981554
302,-0.4715464582987166,0.39737848558541866,-0.7380366370053083,0.2739273613527346
303,-0.4738943456769511,0.512602458763366,-0.6548341384286964,0.28957748454172016
304,-0.4620614149262079,0.6199357226763929,-0.5612550312475783,0.2952486045443239
305,-0.436810858441068,0.7169010955153695,-0.4593489850596215,0.29025437657602526
306,-0.39925710192387054,0.8012352903222064,-0.3513236002042743,0.27420339904010604
307,-0.3508337607311103,0.8709439996421628,-0.23949228099578607,0.24701349995902966
308,-0.2932535276192656,0.9243506758828226,-0.12621988086945862,0.20891801790923914
309,-0.22846103047461458,0.9601377992405661,-0.013867445696157332,0.16046388370542025
310,-0.15857987454640335,0.977379608791003,0.09526259933343739,0.10250151646014702
311,-0.08585522900811803,0.9755654815807022,0.19897948797310241,0.0361667549849095
312,-0.012593428721703985,0.9546133741177871,0.2952540920590976,-0.037144752399782974
313,0.058899863894522494,0.9148729848458921,0.3822646359453486,-0.11581008478516085
314,0.12638135683436644,0.857118548941513,0.4584370490645115,-0.1980177207982155
315,0.18773011082654065,0.7825314318275559,0.5224789948347159,-0.28181139729874743
316,0.2410042747206543,0.6926729388153203,0.5734067731176591,-0.3651380724357723
317,0.28449312533532345,0.5894479990436138,0.610564472037958,-0.44589880415339894
318,0.31676308227899774,0.4750606064006803,0.6336349387346896,-0.5220012781268009
319,0.33669652079927076,0.35196210282050605,0.6426423426973852,-0.5914126735472021
320,0.3435223878708413,0.22279356520955698,0.6379463146504634,-0.6522115423362388
321,0.33683783393101446,0.09032370192007899,0.6202278532754589,-0.7026373976137554
322,0.3166202997226501,-0.04261622544428456,0.5904673961857463,-0.7411367601017009
323,0.2832297389196813,-0.17319886674759832,0.5499156454135865,-0.7664044953405438
324,0.23740090654580306,-0.2986670133660735,0.5000579164135699,-0.777419388059204
325,0.18022589440568065,-0.4163979794135718,0.4425729387896812,-0.7734730399807307
326,0.11312734153482552,-0.5239645669842895,0.3792871726649442,-0.7541913403069959
327,0.03782298385295968,-0.6191911339754697,0.31212581347158597,-0.7195479400730246
328,-0.043717573144685634,-0.7002034053823685,0.24306173725795943,-0.6698693579873713
329,-0.1293227772139779,-0.7654708248386454,0.1740636864355641,-0.605831551405974
330,-0.21667449565187052,-0.813840428720686,0.10704501106461009,-0.5284479966088546
331,-0.30336743367136787,-0.8445614357216629,0.04381426295369012,-0.4390495323323236
332,-0.38697110895136244,-0.8572999751856801,-0.013971110492209782,-0.33925642433887426
333,-0.4650928193490522,-0.8521436219390097,-0.06484680730922365,-0.23094330161409116
334,-0.5354400127929148,-0.8295956577808248,-0.10757839225481877,-0.11619779176642023
335,-0.5958804802627135,-0.7905592339206378,-0.14119178076697217,0.0027261600357560423
336,-0.6444988442391767,-0.7363118581545329,-0.1649967280158611,0.12345917162949821
337,-0.6796479048116172,-0.6684708692555046,-0.17860274430923487,0.2435702817816267
338,-0.6999935315489828,-0.5889507829852869,-0.1819270513310425,0.3606224882125222
339,-0.7045519481494565,-0.49991359380610734,-0.17519439642607137,0.4722286252945369
340,-0.6927184448404657,-0.4037132888278133,-0.15892874929764342,0.576106230870943
341,-0.6642867658329024,-0.302835971496767,-0.13393711185912074,0.6701300748166048
342,-0.6194586505580227,-0.19983709853062512,-0.10128587239164794,0.7523810778811233
343,-0.558843252171097,-0.09727740201610896,-0.06227032457957027,0.8211904366446217
344,-0.4834464087960201,0.0023409022607584484,-0.018378145667109547,0.8751778869239538
345,-0.3946499959287478,0.09663602998519161,0.02875221845448342,0.9132831808130952
346,-0.29418183600853237,0.1834051271744095,0.077377183815882,0.9347900181931281
347,-0.1840768772267189,0.26067790173817584,0.12569649479385103,0.9393418579049815
348,-0.06663057228249597,0.3267640616845136,0.1719032739915597,0.9269492322774388
349,0.05565441644800615,0.38029339182206584,0.21423436219451367,0.8979883964291566
350,0.18012689088065129,0.4202474877176233,0.25101964669167187,0.8531913555724063
351,0.3040497398772123,0.44598237688556164,0.28072910079025537,0.7936275241935586
352,0.4246649795130357,0.45724148742010906,0.30201631415501007,0.7206774752559304
353,0.5392596171823394,0.4541586677631505,0.31375738125362096,0.6359994304092006
354,0.6452307225597236,0.437251211934201,0.31508413150278824,0.5414893188256498
355,0.7401481053316534,0.4074030960618358,0.30541082677870157,0.4392353883506467
356,0.8218130562117983,0.36583887815570715,0.28445361622963533,0.3314684842990153
357,0.8883117026749414,0.31408894758985795,0.25224222069867086,0.22050921520345174
358,0.9380616617464237,0.25394702786843854,0.20912351496758286,0.10871329856980194
359,0.9698508358334098,0.18742103048708642,0.15575688056469728,-0.0015835785893625332
360,0.9828673899306931,0.11667852423462707,0.09310140991741346,-0.10812004099447275
361,0.9767201648109526,0.04398821894026658,0.022395248961619596,-0.20876112921250056
362,0.9514490156567734,-0.028341037899838713,-0.05487243522815011,-0.3015469648805061
363,0.9075248131839306,-0.09802219146618209,-0.1369961876552236,-0.38473680354701223
364,0.845839098500203,-0.16285125431089076,-0.22209485435603743,-0.4568474188241626
365,0.7676836374338345,-0.22076636012029685,-0.3081570319015866,-0.5166849047003416
366,0.6747203685345873,-0.2699030879579229,-0.39309025683699705,-0.5633691484055148
367,0.5689424752322275,-0.3086446430346869,-0.47477271686990047,-0.5963504100095772
368,0.45262753086806107,-0.33566561024868574,-0.5511061983415733,-0.6154176423748017
369,0.32828386008036536,-0.34996815923176045,-0.6200689492599889,-0.6206983912483444
370,0.19859142649189815,-0.35090977036134485,-0.6797671348584334,-0.6126503250266122
371,0.06633869069043147,-0.3382217653663531,-0.7284835933636903,-0.5920446518210223
372,-0.06564301921083829,-0.3120181584099979,-0.7647226626865428,-0.5599418827208043
373,-0.1945460220283213,-0.27279458805268497,-0.7872499425502579,-0.5176605895726831
374,-0.31765206011695296,-0.22141734115894468,-0.79512597884685,-0.46673997846809007
375,-0.4323957349717265,-0.1591027303339581,-0.7877330047430028,-0.40889725215156303
376,-0.5364240580143942,-0.08738733057974737,-0.7647940425960685,-0.34598086196649547
377,-0.6276506702782663,-0.008089812429662974,-0.726383857890111,-0.2799208495821188
378,-0.7043034179509111,0.07673467795351459,-0.6729314565240001,-0.21267754813924325
379,-0.7649641363849136,0.16484645169646733,-0.6052140249148932,-0.14618994990860074
380,-0.8085996891078812,0.25387822204809923,-0.5243424233544884,-0.08232505217169603
381,-0.8345835257233483,0.3413956314396311,-0.43173855163214503,-0.022829464726546456
382,-0.8427072579788031,0.4249598382404763,-0.3291051069351369,0.0307154980700296
383,-0.8331820008257864,0.5021905859173506,-0.2183884424537797,0.07693410894096442
384,-0.8066294788475158,0.5708281620234525,-0.1017354062714603,0.11469089068400481
385,-0.7640631516746047,0.6287926790532244,0.018554810255148657,0.1431187829690275
386,-0.7068598586499326,0.6742391731095277,0.14008266104721534,0.16164011181606372
387,-0.6367227169095359,0.7056071179759185,0.2604028211897867,0.16997984453887552
388,-0.5556362224057926,0.721663089054642,0.3770800352892634,0.16817080969352632
389,-0.46581469486617794,0.7215354803295914,0.4877448905578915,0.15655076622919778
390,-0.36964537050635526,0.7047403738536709,0.5901481672155453,0.13575141345835362
391,-0.2696275764675755,0.6711978803622457,0.6822124523553318,0.1066796384357036
392,-0.16830951520887888,0.6212385060272205,0.7620797693760192,0.07049149471397465
393,-0.06822424313354003,0.5555993482056123,0.8281540718179485,0.028559591273274343
394,0.02817355579951103,0.47541017612845354,0.8791375755591938,-0.01756526194041763
395,0.11856842421410568,0.38216970451445853,0.9140600537412558,-0.06619715919317759
396,0.200841098764893,0.2777126127937085,0.9323003907769671,-0.11556184101735605
397,0.27312017701939584,0.16416809388687248,0.933599881087048,-0.16384586625453307
398,0.3338272056640109,0.04391092853287923,0.9180669601311781,-0.20924694461194485
399,0.3817140794720553,-0.08049373130182232,0.8861732648405206,-0.2500241297071323
400,0.4158918355945304,-0.2063505280539229,0.8387411325343366,-0.2845465748391567
401,0.4358501455356544,-0.33089754616646877,0.7769228565631657,-0.3113395887568655
402,0.4414670421947917,-0.4513718857015792,0.70217221808753,-0.32912679562750013
403,0.4330086657076628,-0.5650755556338374,0.6162090015962882,-0.3368673005782593
404,0.4111190633331102,-0.6694400699339796,0.5209773723376483,-0.33378688716462257
405,0.37680032901284216,-0.7620881590832997,0.41859914256376773,-0.3194024227924831
406,0.3313836112153605,-0.8408910785693675,0.31132307670573334,-0.29353881874598364
407,0.27649174718393366,-0.9040201025114729,0.2014714802639273,-0.2563380787838145
408,0.21399449200304738,-0.9499909322201388,0.09138538099451615,-0.20826016957727916
409,0.1459574967203885,-0.9776999227042612,-0.016630357660070816,-0.15007565258661504
410,0.07458634646854545,-0.9864512306149847,-0.12036065276008612,-0.08285022514047853
411,0.0021670932064026573,-0.9759742098869624,-0.2177312444538919,-0.007921523282703
412,-0.06899519474338678,-0.9464306208831423,-0.30685592885362445,0.07313126475353347
413,-0.13663829493257962,-0.8984114692257028,-0.3860788427159266,0.15852424271623172
414,-0.19860352365159417,-0.8329235454920623,-0.4540107871091451,0.24631121157315206
415,-0.25289370831747987,-0.7513659902429134,-0.5095587278084022,0.33443059655779006
416,-0.2977269573417001,-0.6554974541443582,-0.5519477818401581,0.42075573983493464
417,-0.3315848517708667,-0.5473946541603412,-0.5807351881051741,0.5031473143813988
418,-0.3532538239435436,-0.42940333818888565,-0.5958159606309299,0.5795065574080671
419,-0.36185866043820497,-0.3040828568513457,-0.5974201307326958,0.6478279967941525
420,-0.3568872653924948,-0.17414569779726619,-0.5861016940134216,0.7062503522221902
421,-0.33820604087292017,-0.04239346097646374,-0.5627195844786261,0.7531043338261346
422,-0.3060654778426564,0.08834916019314779,-0.5284111959426668,0.786956134208606
423,-0.26109579848082776,0.21530077910519657,-0.48455915542933115,0.8066455128629728
424,-0.20429274195739625,0.3357884772278531,-0.43275221983318696,0.8113175028150054
425,-0.13699383496701825,0.4473101381804128,-0.37474131156911483,0.8004469244525234
426,-0.06084572912840787,0.5475924380308926,-0.3123918277122264,0.7738550672036909
427,0.02223658627317296,0.6346430842885582,-0.24763344727798292,0.7317180916068997
428,0.1101176814604197,0.7067960398943012,-0.18240872058931684,0.6745669076322138
429,0.2004954975386153,0.762748643513015,-0.11862175167198663,0.6032784948231308
430,0.29095972520603497,0.8015897392405491,-0.058088278668180365,0.5190588407239223
431,0.37905328642100694,0.8228181524234808,-0.0024884185411434,0.42341788090374016
432,0.4623353737249169,0.8263510880821688,0.04667672813955215,0.3181370215461332
433,0.5384444596428325,0.8125222784549087,0.08812351699927584,0.20523000912651757
434,0.6051596860328912,0.7820699602190185,0.1208182768007395,0.08689807658680229
435,0.6604590805255719,0.7361150136729415,0.14400308817399537,-0.034519562467619586
436,0.7025731233818915,0.6761298393195821,0.15721418124459957,-0.1565986842176018
437,0.730032301331768,0.6038987758320696,0.16029249776778123,-0.2768852157846887
438,0.7417074324294215,0.5214710716291842,0.15338616316654557,-0.39295125789582136
439,0.736841724026879,0.4311076050702791,0.13694481993422347,-0.5024506173514484
440,0.715073730196751,0.335222701066209,0.11170598101979706,-0.6031725083894183
441,0.6764506002567455,0.23632251090869721,0.07867376486504188,-0.6930921258909668
442,0.6214312508543972,0.1369415044095933,0.039090567606068105,-0.7704168692051175
443,0.5508793443690204,0.039578666988278055,-0.005597592278775737,-0.8336271013034987
444,0.4660462099441589,-0.05336500190225457,-0.053781160413599705,-0.8815104613974961
445,0.36854409396132704,-0.1396461287263095,-0.10373152906060135,-0.913188906752995
446,0.2603103679596195,-0.21723425894002227,-0.15364876832587923,-0.9281378373212952
447,0.14356354788117826,-0.28436142998912717,-0.20171137514440673,-0.926196850562374
448,0.02075218344241217,-0.33956479727812766,-0.2461267567355863,-0.907571878668932
449,-0.1055021447198943,-0.3817212629238881,-0.2851811451806289,-0.8728286712320802
450,-0.23246633417105864,-0.41007325994955235,-0.3172876526261879,-0.8228777980006388
451,-0.3573602760563866,-0.42424506840600335,-0.34103122205539294,-0.7589515535351974
452,-0.4774227997753612,-0.4242492791185496,-0.35520930546338136,-0.6825733431172505
453,-0.5899774320946181,-0.41048326935213847,-0.3588672077163896,-0.5955203123545585
454,-0.6924963579539314,-0.38371580644504993,-0.3513271677075201,-0.4997801470000335
455,-0.782661012314244,-0.34506414407666,-0.3322104053213538,-0.3975031105187808
456,-0.8584178134453362,-0.2959622150876733,-0.3014515392636328,-0.2909505014185698
457,-0.9180276660605569,-0.23812074867659877,-0.25930497258953983,-0.18244079748630337
458,-0.9601080147606835,-0.1734803427528548,-0.2063430449780234,-0.07429480775835334
459,-0.9836664105851086,-0.10415869916045499,-0.1434459583908374,0.031218826005005862
460,-0.9881247615705526,-0.03239337597296139,-0.07178369052684455,0.13193644886289785
461,-0.9733336669249751,0.039518476561091725,0.0072096867706066825,0.22584924896342987
462,-0.9395764780672866,0.1092818543797535,0.09186867435342967,0.3111489431743926
463,-0.8875629823160955,0.17466553357066467,0.18033521035334718,0.3862681914310964
464,-0.8184128601685264,0.23356202427955863,0.270602786706636,0.4499147729868475
465,-0.7336293185614915,0.2840443115912338,0.3605647368942458,0.5010987153326665
466,-0.6350635440126798,0.32441793165490607,0.4480655060329577,0.539151743936935
467,-0.524870845106131,0.35326704909619505,0.5309536358274903,0.5637386137049738
468,-0.4054595578196333,0.3694933531052942,0.6071351497802531,0.5748600863558178
469,-0.2794339646309508,0.3723467707239362,0.6746260096663187,0.5728475266803454
470,-0.14953262478659052,0.3614472022387629,0.7316023330153792,0.5583492996723983
471,-0.018563624943915058,0.33679671005777034,0.7764471127705285,0.5323093545989118
472,0.11066166616064266,0.2987818333290075,0.807792263171857,0.4959385761107938
473,0.23539472014403434,0.2481659498255677,0.8245549282129422,0.4506796616614013
474,0.35301423449734515,0.18607185802440812,0.8259671279765447,0.3981664443367623
475,0.4610872119875079,0.11395499955172007,0.8115979803429859,0.34017871673862105
476,0.5574252483519277,0.03356797905871879,0.7813679169713823,0.2785937214107877
477,0.6401346630348526,-0.05308274080902005,0.7355545085878704,0.21533555374232277
478,0.707659261762235,-0.14378689291178837,0.6747897206172349,0.15232377233454183
479,0.7588147036622381,-0.2361859591879466,0.6000486309543029,0.09142252828665973
480,0.7928136548258974,-0.3278328350749589,0.5126298519608534,0.034391508354603084
481,0.8092811394498005,-0.416254109408685,0.4141281033694334,-0.017160062087707983
482,0.8082597432985694,-0.49901339564093106,0.30639957659687,-0.0618151906500532
483,0.7902045761015108,-0.573774120529668,0.19152090919942527,-0.098385607982377
484,0.7559681533840812,-0.6383601866462502,0.0717427464077596,-0.12594205616830392
485,0.7067756078127507,-0.6908129748838707,-0.05056099907234943,-0.14383761436362755
486,0.6441908791931148,-0.7294432414266813,-0.17294697085940575,-0.15172347864418273
487,0.5700747548620739,-0.7528765881743686,-0.29295798117802657,-0.14955680563574705
488,0.48653583282551127,-0.7600913433309715,-0.408179071406186,-0.1376004318164841
489,0.3958756536330391,-0.7504478758490523,-0.5162926685853468,-0.11641448732555323
490,0.3005293893457527,-0.7237085790273124,-0.6151315068287575,-0.08684012948124184
491,0.2030035855177606,-0.680047989533076,-0.7027280366058586,-0.049975821824618766
492,0.10581252222439136,-0.6200527527143177,-0.7773591303951575,-0.007146774321154237
493,0.011414791108931788,-0.5447113971930398,-0.8375850080705791,0.040131665394744526
494,-0.07784832355380572,-0.45539413511333326,-0.8822814467725694,0.09019572553699115
495,-0.15981112041032622,-0.35382315274277887,-0.9106645044143324,0.14127895376224203
496,-0.23253696087592296,-0.24203409320367453,-0.9223071693121054,0.1915608127701146
497,-0.29436562420975865,-0.12232965303132645,-0.9171475461637014,0.23921687615787085
498,-0.3439533651100099,0.0027735884684267353,-0.895488395832332,0.2824693306646663
499,-0.38030468665406053,0.13060381838449442,-0.8579880579882095,0.3196364814628694
