,0,1,2,3
0,0.7162315429452631,0.0,-0.6978627206623432,0.0
1,0.6572132315770325,0.02863184475074978,-0.7507274136032576,-0.06049244722117375
2,0.5904311300291121,0.060891945083177704,-0.7962491921825442,-0.1169208093761705
3,0.5171066350382831,0.0967637252024093,-0.8334819711671781,-0.1689535830446082
4,0.4385525357914892,0.136095541544452,-0.8615849151624937,-0.21638186358153036
5,0.3561447990719469,0.17859794813143015,-0.8798426386759632,-0.2591150057116806
6,0.2712933686204356,0.22384485035797544,-0.8876831743448368,-0.2971733048170139
7,0.18541266207963086,0.2712785716276651,-0.8846932601065755,-0.33067796545611755
8,0.09989245165168556,0.3202187552477781,-0.8706305550976218,-0.35983869083380465
9,0.016069800685815983,0.36987492348733453,-0.8454324628827489,-0.38493928506345804
10,-0.06479730179149643,0.41936241925643913,-0.8092213175960632,-0.40632170769480147
11,-0.14155401229871925,0.46772136592555347,-0.7623057718628784,-0.42436905594471674
12,-0.21316987361070117,0.51393819966346,-0.705178312957076,-0.439487973494715
13,-0.2787567615498497,0.5569692584073024,-0.6385089234095741,-0.4520909950505613
14,-0.3375831582765425,0.5957658539931479,-0.5631349920411942,-0.462579332874496
15,-0.38908446519712225,0.629300210562321,-0.4800476689652594,-0.471326595313174
16,-0.43286916785524815,0.6565916242562925,-0.39037494135975026,-0.4786638984038385
17,-0.4687207684890733,0.6767321871790686,-0.29536178371722194,-0.4848667907190879
18,-0.49659550674724473,0.688911422997992,-0.19634780496761395,-0.4901443597816145
19,-0.5166159927536949,0.6924392023189706,-0.09474287365912343,-0.49463082699503647
20,-0.5290609767203492,0.6867663426484163,0.007998750158823564,-0.49837986868745476
21,-0.5343515731510461,0.67150234948157,0.11040521273633791,-0.5013618253441098
22,-0.5330343430407465,0.6464298205981606,0.2110142088641649,-0.5034638813638775
23,-0.5257617122496198,0.611515113417444,0.30839987554914416,-0.5044932157677358
24,-0.5132702665883314,0.566914963373879,0.40119885040852116,-0.5041830423269088
25,-0.49635751256959537,0.5129788375692464,0.4881349282533209,-0.5022013776772766
26,-0.47585772609395793,0.4502469100765651,0.5680417829143605,-0.49816230020613494
27,-0.4526175287575803,0.3794436507061126,0.6398832675199129,-0.4916393927954092
28,-0.42747183260870186,0.3014671251977355,0.7027708640289194,-0.48218100068668834
29,-0.40122077905874265,0.21737420905761828,0.7559779204461805,-0.4693268834042413
30,-0.3746082667027039,0.12836201703530598,0.7989503901400937,-0.4526257981993686
31,-0.348302616847618,0.03574594306862161,0.8313138701902603,-0.43165352295623316
32,-0.32287986578881067,-0.059065210891540265,0.8528768226954238,-0.4060308097170656
33,-0.29881010085858195,-0.15459646650380848,0.863629952348477,-0.37544075641303065
34,-0.2764471748536084,-0.24933565129555962,0.8637418031567325,-0.33964509416158817
35,-0.2560220427384225,-0.34176347720991307,0.8535507247736758,-0.2984989104096819
36,-0.2376398678415094,-0.4303840322719309,0.8335534423874169,-0.2519633637291556
37,-0.22128094457466002,-0.5137549898357784,0.8043905414611356,-0.20011599335097274
38,-0.2068053835679057,-0.5905168442816439,0.766829247977408,-0.14315828440360526
39,-0.19396140559615693,-0.6594205031281228,0.7217439445383006,-0.08142021687339399
40,-0.18239699531126677,-0.7193526028143924,0.6700949112956074,-0.015361600870747394
41,-0.17167457700988992,-0.7693579679892788,0.6129058170867971,0.054429918988075476
42,-0.16128829472113232,-0.8086587007467467,0.5512405094933616,0.1272442233896373
43,-0.150683409822533,-0.8366694652489508,0.48617966230586684,0.2022573901849885
44,-0.13927727294725062,-0.8530086226529399,0.4187978348981912,0.2785435413085344
45,-0.12648128456897947,-0.8575049690213888,0.35014148044758847,0.3550896456211854
46,-0.11172323142827423,-0.8501999325634337,0.2812084092894274,0.4308129812032908
47,-0.09446937459599909,-0.831345193586086,0.21292917079127305,0.5045808900373607
48,-0.07424566975756483,-0.8013957983249232,0.1461507630983381,0.5752323959889455
49,-0.05065752113835597,-0.7609989437324933,0.08162301634315294,0.6416012051057818
50,-0.02340750686376849,-0.7109787117496301,0.019987923066503946,0.7025395668521083
51,0.007689435448900411,-0.6523171260958291,-0.03822788849845006,0.7569424470364349
52,0.042693809710298916,-0.5861319898900832,-0.09261742498368578,0.8037714486278439
53,0.08153271973383897,-0.5136520363828394,-0.14289431351969753,0.8420779158108234
54,0.12399466977903842,-0.43618998595381697,-0.1888905582440213,0.8710246695853445
55,0.16972819848030551,-0.3551141488448931,-0.23055120595261622,0.8899058497192789
56,0.2182444384729587,-0.27181924374889,-0.26792613746003524,0.8981643773102725
57,0.26892359231008595,-0.18769711664875005,-0.30115927339900106,0.8954066036983255
58,0.32102521330292566,-0.10410804188757258,-0.33047554741724183,0.8814137737733738
59,0.3737020802941067,-0.022353268451627245,-0.356166054419627,0.8561500033595408
60,0.4260173606134169,0.056350560621447304,-0.3785718253016875,0.819766549611153
61,0.47696466797781456,0.13089453802824202,-0.3980667114491243,0.772602238316241
62,0.5254905441113052,0.2002976576074112,-0.4150398813645459,0.7151800006176713
63,0.570518826371485,0.2637235781603803,-0.42987843767863443,0.648199561783997
64,0.6109763103893892,0.32049363516516133,-0.44295065539442235,0.5725264141043982
65,0.6458190780411043,0.3700958447020266,-0.45459032172368385,0.48917729257150533
66,0.6740588379944557,0.41218974452118023,-0.46508262485848995,0.3993024536461883
67,0.6947886192441454,0.446607021051699,-0.4746519943506692,0.3041651320830072
68,0.7072071676916498,0.4733479756873062,-0.48345224061435677,0.20511861671540865
69,0.7106414217582275,0.492573986285646,-0.4915592768543454,0.10358144165122646
70,0.7045664846503322,0.504596217935306,-0.4989666351173742,0.0010112331597146862
71,0.6886225672431481,0.509860928247227,-0.5055839110136018,-0.10112221642410069
72,0.6626284452582049,0.5089317944604702,-0.5112381909509321,-0.2013640589458763
73,0.6265910557977298,0.5024697604961017,-0.5156784335454453,-0.2983010924508873
74,0.5807109493805,0.4912109600105715,-0.5185826953348015,-0.3905874730894271
75,0.5253834121756105,0.4759433150814925,-0.5195680121305101,-0.4769688792895205
76,0.46119517673620547,0.4574824383558687,-0.5182026733332604,-0.5563046080174889
77,0.3889167456493263,0.4366474786428042,-0.5140205592170622,-0.6275871326362559
78,0.3094904585286255,0.4142375457822482,-0.5065371523086977,-0.689958712587236
79,0.22401453606973415,0.3910093303206088,-0.4952667850823633,-0.7427247153729777
80,0.13372343291264333,0.36765649763088454,-0.4797406485379114,-0.785363389381165
81,0.039964921387313,0.34479138557770084,-0.45952506083357764,-0.817531910053555
82,-0.055825591380026685,0.32292947096194846,-0.43423948269009577,-0.8390686097121877
83,-0.1521529420467142,0.30247699443451637,-0.4035737671358023,-0.8499913908647596
84,-0.2474916595197998,0.28372204828482794,-0.3673041453480703,-0.850492411838766
85,-0.3403163176591042,0.26682933867170244,-0.32530747755483425,-0.8409292199738813
86,-0.4291321027158711,0.25183873584332284,-0.2775733375499689,-0.8218125892372684
87,-0.5125048987571241,0.23866762519050622,-0.22421355039310414,-0.793791394042537
88,-0.5890902038783191,0.2271169711590116,-0.16546886406203393,-0.7576349174451881
89,-0.6576602161437263,0.21688090767945173,-0.10171250569840071,-0.714213048165937
90,-0.7171284702898405,0.2075595753613631,-0.033450449906318236,-0.6644748657222702
91,-0.7665714632634371,0.19867483961851318,0.038681691578974,-0.6094261452787365
92,-0.8052467772555367,0.18968844733722723,0.11392516467979763,-0.550106332920323
93,-0.8326072913148508,0.18002211461879453,0.1914078723170059,-0.4875655475037188
94,-0.848311164866747,0.16907898618137568,0.2701573139387865,-0.4228421569802156
95,-0.8522273762726087,0.1562658695248923,0.34911641981051367,-0.3569414553842454
96,-0.8444367045000296,0.14101562490764746,0.42716195901954135,-0.29081593214888096
97,-0.825228149471388,0.12280908612990657,0.5031251318882067,-0.2253475789673351
98,-0.7950908940902162,0.10119589723726327,0.5758138983246704,-0.16133262228486597
99,-0.754702015687509,0.07581367630697132,0.6440365450908864,-0.09946900315891036
100,-0.7049102541281945,0.04640495882250956,0.706625958287158,-0.04034685237244179
101,-0.6467162356470327,0.012831428747717366,0.7624640435085936,0.015557870784617116
102,-0.5812496334103356,-0.024914986106816084,0.8105057257700483,0.0678864907151367
103,-0.509743815838507,-0.0667044981910925,0.8498019647395811,0.11639747789457776
104,-0.43350859018379995,-0.11226557876005983,0.8795212380420011,0.1609631445256555
105,-0.3539016903838539,-0.16118497008686541,0.8989689760285022,0.2015633376877167
106,-0.272299683821613,-0.21291165032674883,0.9076044747582241,0.23827637051255773
107,-0.1900689807273282,-0.2667647077722888,0.9050548689894247,0.27126750150170226
108,-0.10853762237872874,-0.321944979590695,0.8911258124278497,0.3007753332132232
109,-0.02896850022418626,-0.3775502116462539,0.8658085867644776,0.32709655266531157
110,0.04746538178945145,-0.4325934031824152,0.8292834423702884,0.35056947566084984
111,0.11970304402774151,-0.48602391532747513,0.7819190599414712,0.3715568848514178
112,0.18681457747392233,-0.5367508477575241,0.7242681118153214,0.39042866606114557
113,0.24801668956025097,-0.5836681253116015,0.6570589919390991,0.40754474883966774
114,0.3026844288867633,-0.6256806875187986,0.5811838723815616,0.42323884540418816
115,0.35035886492661,-0.6617311401375757,0.497683329671049,0.4378034573950953
116,0.3907506005380854,-0.6908262098240018,0.4077278640494192,0.451476582866738
117,0.4237390992629526,-0.7120623414430249,0.3125967070083581,0.4644305076349182
118,0.44936791338961835,-0.7246497924124929,0.21365437546633703,0.47676300676172473
119,0.46783600000717823,-0.7279346095093769,0.11232548312099894,0.4884912150871803
120,0.47948540825658126,-0.7214179200540811,0.01006835960650454,0.49954835204281983
121,0.48478570931791704,-0.7047720302178587,-0.0916519448714806,0.5097834074045522
122,0.48431561917448984,-0.6778528969071879,-0.19139067841011762,0.5189638131853496
123,0.4787423309309936,-0.6407086244812308,-0.28774983945753496,0.5267810446307751
124,0.46879912679920815,-0.5935837313886423,-0.3794034863667747,0.5328590123811104
125,0.4552618785031417,-0.5369190323747316,-0.46512135707461816,0.5367650303891234
126,0.4389250678704242,-0.471347086744419,-0.54379029272718,0.5380230721336967
127,0.4205779662351428,-0.3976832696958163,-0.6144330121737145,0.5361289629116224
128,0.4009816018531599,-0.316912629342283,-0.6762238479364784,0.5305671002056347
129,0.38084711910702645,-0.23017279411509256,-0.7285011269705577,0.520828248772813
130,0.36081609253870667,-0.13873329126531014,-0.7707759594669129,0.5064279233688166
131,0.34144330376324666,-0.04397172478906397,-0.802737284163799,0.4869248508216038
132,0.32318242151119225,0.05265266188311252,-0.8242531070293326,0.4619389950797377
133,0.3063749461689865,0.14962744857393506,-0.8353679596003498,0.43116863414023127
134,0.29124269225868044,0.24541688614789492,-0.8362966915280731,0.3944059963268629
135,0.27788398757100186,0.3384924540650904,-0.8274147968408994,0.3515509948234635
136,0.2662736685585434,0.4273634335417019,-0.8092455530269493,0.3026226429233775
137,0.2562668506364333,0.5106068000512125,-0.7824443243387341,0.24776778708388716
138,0.24760635179917942,0.5868957535766683,-0.7477804439896338,0.18726685923847292
139,0.23993355099789238,0.6550262361378195,-0.7061171426342738,0.12153642233780251
140,0.23280237150118716,0.713940832917439,-0.6583900314546994,0.05112836196922588
141,0.2256959963094274,0.762749514660763,-0.6055846763590876,-0.023274339812844047
142,0.21804584972532065,0.8007467534251975,-0.5487138146057016,-0.10086522670092685
143,0.20925231826603838,0.8274246293970928,-0.48879476629152496,-0.1807252788444001
144,0.19870663679103565,0.842481641274712,-0.42682758063286635,-0.26183692066123293
145,0.18581333322985094,0.8458270343235481,-0.36377443119312186,-0.34310085457714334
146,0.17001260846577002,0.8375805661563471,-0.30054073588920394,-0.42335537581452204
147,0.150802027209438,0.818067737984773,-0.23795842775121878,-0.5013977575938763
148,0.12775691111973142,0.7878106259000476,-0.17677174232344922,-0.5760072399684342
149,0.10054885662847,0.7475145500575473,-0.11762581883354065,-0.6459691104276648
150,0.06896184613264597,0.6980509169449238,-0.061058336588321466,-0.7100993315469282
151,0.03290548128579157,0.6404366588348912,-0.007494327414374571,-0.7672691511968653
152,-0.0075750604499449925,0.5758107729023137,0.042755778596369504,-0.8164291247043064
153,-0.05229266184931719,0.505408528422585,0.08949490112907901,-0.8566319860863975
154,-0.10091571897574003,0.43053396237624475,0.132634961582217,-0.887053826929518
155,-0.15296953802548396,0.35253132042375523,0.1721896285779386,-0.9070130761828878
156,-0.20784170141132668,0.27275612072345823,0.20826442085899521,-0.9159868212843469
157,-0.2647913260301577,0.19254652198442387,0.24104449821015841,-0.9136240695239505
158,-0.322962035580161,0.1131956644245474,0.2707805288869002,-0.8997556169900438
159,-0.38139837169417384,0.035925623305107235,0.29777306945391563,-0.8744002691943579
160,-0.4390652779971964,-0.03813642979913558,0.3223559287530585,-0.8377672406922878
161,-0.49487020928180575,-0.10797932171265862,0.34487901105243696,-0.7902546486945514
162,-0.5476873469144774,-0.17272576381393487,0.3656911437115445,-0.7324441056869935
163,-0.5963833431605157,-0.2316466478776116,0.38512339169856846,-0.665091506256353
164,-0.6398439728540687,-0.2841714615920749,0.4034733451199952,-0.5891141914744757
165,-0.6770010419004057,-0.32989463213222997,0.4209908370080073,-0.5055747581826076
166,-0.7068588892570092,-0.3685777087401795,0.43786550771988986,-0.4156618583023829
167,-0.7285198226750645,-0.4001473994536805,0.4542165805012974,-0.3206684029923389
168,-0.7412078485597868,-0.424689580321678,0.47008515139409246,-0.2219676463774889
169,-0.7442900923832245,-0.44243949508572067,0.4854292273145879,-0.12098767225310603
170,-0.7372953573138288,-0.45376845690825907,0.5001216705776036,-0.01918484342489024
171,-0.7199293338912616,-0.45916744897120076,0.5139511283411274,0.08198320367640805
172,-0.6920860511020723,-0.4592280955426359,0.5266259434500821,0.18108442732475746
173,-0.6538552472210186,-0.45462153757397017,0.5377809610768102,0.2767385248907749
174,-0.6055254351294275,-0.4460757955132174,0.546987065505141,0.36764178521849755
175,-0.5475825391507009,-0.43435223562238606,0.5537632054494315,0.4525901131459623
176,-0.4807040862462501,-0.4202217738657644,0.557590596403004,0.5304997351914614
177,-0.40574904109478144,-0.4044414529883397,0.5579287264836953,0.6004251518046433
178,-0.32374347951039656,-0.3877320137345892,0.5542327397027658,0.6615739680802074
179,-0.23586239525587893,-0.37075705068037706,0.5459717289034269,0.713318309812072
180,-0.14340802909591738,-0.35410429767452756,0.5326474409009485,0.7552026133832728
181,-0.04778519359522815,-0.33826952859827975,0.5138128794098885,0.786947664236626
182,0.04952585939475829,-0.32364348758297096,0.48909028764703355,0.808450847439523
183,0.1469984212182901,-0.3105021808193788,0.4581880021976499,0.8197826629710274
184,0.24308950566378124,-0.2990007717480861,0.42091569263674206,0.8211796456454086
185,0.3362705415949183,-0.2891712250489522,0.3771975369808268,0.8130339129179939
186,0.42505788183532267,-0.28092374490993643,0.3270829304627805,0.795879641174043
187,0.5080424342186163,-0.27405195209988864,0.27075438322592743,0.7703768406094571
188,0.583917740480856,-0.26824164496972946,0.20853232990431736,0.7372928588019435
189,0.651505864686723,-0.2630828941946206,0.14087664903823932,0.6974820921118647
190,0.709780504271172,-0.25808513227532803,0.0683847710149667,0.6518644209866165
191,0.7578868022899601,-0.2526948188039011,-0.008213662277147815,0.6014029092184057
192,0.7951574175058489,-0.24631519330928386,-0.0880655367403842,0.5470813176933261
193,0.8211244975827265,-0.2383275709014104,-0.17020626930667626,0.48988197997727295
194,0.8355272977478949,-0.2281135933790403,-0.25357485710685473,0.43076457035953963
195,0.8383152904369541,-0.215077821053843,-0.337031676258298,0.3706462652028994
196,0.8296467181308018,-0.1986700389864701,-0.4193786623610799,0.3103837564373077
197,0.8098826492204172,-0.1784066559441932,-0.49938144170355137,0.2507575228953514
198,0.7795767026605173,-0.1538905950814539,-0.5757929292036271,0.19245870230659368
199,0.7394607088112576,-0.12482911161500126,-0.64737786761123,0.1360788357713918
200,0.6904266687387498,-0.09104902372171685,-0.7129377535480533,0.08210267924675307
201,0.6335054600413429,-0.05250890726513344,-0.7713355803336288,0.030904194974333166
202,0.5698428119067939,-0.009307881152229525,-0.82151982568325,-0.01725424805605008
203,0.5006731337811543,0.038309303769893194,-0.862547124366688,-0.062219519454755665
204,0.42729182926193027,0.08995106550317097,-0.8936030915477464,-0.10394235535694886
205,0.351026758492924,0.14508177533479416,-0.9140208012063025,-0.1424691835094286
206,0.27320952770014284,0.20302851771163016,-0.9232964748783107,-0.17793143186903343
207,0.19514728323576117,0.26299171484191847,-0.9211019977334229,-0.2105326709603686
208,0.1180956696708989,0.3240594050643864,-0.9072939502728964,-0.24053399467122813
209,0.043233577588601524,0.3852248685635622,-0.8819189229634689,-0.26823808776539065
210,-0.02835974233636497,0.44540720575473214,-0.8452149660238801,-0.2939724600802375
211,-0.0957246853620393,0.5034743948556529,-0.7976091153013245,-0.31807234636999304
212,-0.15803798048454437,0.5582682878156328,-0.7397110255690489,-0.3408637765960971
213,-0.21462570738547423,0.6086309496134229,-0.6723028324558407,-0.3626473140308629
214,-0.26497238380480787,0.6534317063658313,-0.5963254514038115,-0.38368293804217823
215,-0.3087259644187631,0.6915942437484796,-0.5128616044295456,-0.40417651541081057
216,-0.3456986954673753,0.7221230895712328,-0.4231159410371397,-0.4242682593601721
217,-0.3758638733280276,0.7441288232201292,-0.3283926865683733,-0.44402352030976744
218,-0.3993486573710459,0.7568513799115123,-0.2300713079544019,-0.46342618812291814
219,-0.4164231852144352,0.7596808587296311,-0.12958073188504043,-0.4823749139619661
220,-0.427486329484202,0.7521752992708275,-0.02837268275117666,-0.500682282634874
221,-0.4330485171255387,0.7340749610579419,0.07210527343089385,-0.5180769855017809
222,-0.4337121031714608,0.7053127210442847,0.17043638797967162,-0.5342089616883438
223,-0.4301498489127533,0.6660202955259237,0.26526050936590717,-0.5486573936427338
224,-0.42308209820485804,0.6165300914061609,0.3552984247545874,-0.5609413640802298
225,-0.41325327413233093,0.5573725955955244,0.4393742402425832,-0.5705329071221662
226,-0.40140833075376176,0.489269317839777,0.516435325173782,-0.5768721188744727
227,-0.3882697908974342,0.41312140883359094,0.5855694054276639,-0.5793839335595199
228,-0.374515981106092,0.3299941794779864,0.6460184597223274,-0.5774961221556245
229,-0.3607610393804356,0.24109784601663442,0.697189150040916,-0.5706580326049142
230,-0.34753722127783604,0.1477649171024517,0.7386596003829324,-0.5583595650316304
231,-0.3352799664864611,0.051424720348858144,0.7701824251163849,-0.5401498627711782
232,-0.32431611285116335,-0.046424364402639806,0.7916839971260197,-0.5156552007199066
233,-0.3148555599051715,-0.14424434173920642,0.8032600345406239,-0.4845955666149041
234,-0.30698659143533946,-0.2404880427101876,0.8051676709141928,-0.4467994580423592
235,-0.3006749688427903,-0.33362988246407344,0.7978142552352199,-0.40221645762185076
236,-0.29576680655042015,-0.4221962350836558,0.7817432030670389,-0.35092719997549066
237,-0.29199514001763976,-0.504794735396744,0.7576172866699112,-0.2931504055271504
238,-0.2889899986173649,-0.5801418423457734,0.7261998085234946,-0.22924672638716032
239,-0.2862917022173389,-0.6470880393272314,0.6883341479106146,-0.1597192268366931
240,-0.28336701416911136,-0.7046401027646141,0.6449222030769448,-0.08521040332691943
241,-0.27962770674240167,-0.7519799396915512,0.5969022711951841,-0.00649573440871426
242,-0.2744510298094029,-0.7884795765917941,0.5452269145134684,0.07552616251540961
243,-0.2672015214543762,-0.8137119731751685,0.49084135357168474,0.15984660543081203
244,-0.2572535614993126,-0.8274574339221072,0.434662907481742,0.24536290877489764
245,-0.24401404667362275,-0.8297054946755601,0.37756196757763727,0.33089711054956206
246,-0.22694455990243312,-0.8206522687395257,0.3203449451549253,0.41521697539605407
247,-0.20558241612853884,-0.8006933442351718,0.2637395777380994,0.4970588232903389
248,-0.17955999299271463,-0.7704124292448544,0.20838291280419724,0.5751516838476056
249,-0.1486217959486134,-0.7305660409822639,0.1548122148436708,0.6482422384168648
250,-0.11263876296597708,-0.6820646274326325,0.10345896293224471,0.7151199871851294
251,-0.07161938250196738,-0.6259505923671882,0.054646023633644555,0.7746420670646734
252,-0.025717278188462755,-0.5633737653518996,0.008588000153158595,0.8257571485425786
253,0.024764997298588387,-0.4955649156351154,-0.03460532465084862,0.8675278559251989
254,0.07937612068079908,-0.42380795124097675,-0.07492261440175159,0.8991511851639853
255,0.1375201696686832,-0.34941147121201577,-0.11244191336028472,0.9199764360241102
256,0.19846476580089273,-0.2736803491261818,-0.1473191966868539,0.9295202297558165
257,0.2613530443896812,-0.19788801955837057,-0.17977490570601884,0.9274782483605214
258,0.3252192082684543,-0.12325011627542484,-0.2100788879469496,0.913733405458235
259,0.3890073284583704,-0.05090007226403023,-0.23853420140693676,0.8883602398848991
260,0.4515929692460666,0.01813276179858528,-0.26546026996477273,0.8516254095242243
261,0.5118071396699865,0.08294199093665199,-0.2911758914788426,0.8039842524227669
262,0.5684620099751367,0.1427596300726559,-0.315982601491016,0.7460734727836886
263,0.6203777818458298,0.19696781633579818,-0.34014888360690065,0.678700098792489
264,0.6664100664530034,0.2451065526514107,-0.36389569285783685,0.6028269452313517
265,0.7054771054778575,0.286877356727278,-0.38738372131955934,0.5195548944051631
266,0.7365861678213514,0.3221427930493909,-0.4107027869278497,0.4301023820793012
267,0.7588584687967155,0.35092196895254724,-0.4338636680410424,0.33578253914691086
268,0.7715519889353102,0.37338217665394347,-0.4567926393568564,0.23797849305457558
269,0.7740816154149459,0.3898269588143193,-0.47932889101820497,0.1381173743358291
270,0.7660360894576533,0.40068096333925723,-0.5012249340354379,0.03764360194142935
271,0.7471913163921786,0.40647203156378253,-0.5221500135335371,-0.06200796425830912
272,0.7175196796614212,0.4078110307348206,-0.5416964688999517,-0.15943841472775522
273,0.6771950938207223,0.4053699951727298,-0.5593888987832014,-0.2533101494945018
274,0.6265936322331012,0.3998591793461032,-0.5746959111639871,-0.3423706564952431
275,0.5662896702604563,0.3920036493935239,-0.5870441663961199,-0.42547420006240855
276,0.49704759170102636,0.38252004682453256,-0.5958343560666107,-0.5016009624116127
277,0.4198092124089653,0.3720941490882055,-0.6004587044440202,-0.5698732434921786
278,0.3356771778420001,0.36135982667828304,-0.6003195336386273,-0.6295683961818397
279,0.24589468818970472,0.35087995611822614,-0.5948483995926573,-0.6801282527704715
280,0.15182199335140478,0.3411297935915691,-0.5835252845676719,-0.721164883039376
281,0.05491017817536453,0.3324832465644172,-0.565897323497127,-0.7524626119253497
282,-0.04332717588785834,0.32520240222257885,-0.541596546692705,-0.7739763136096489
283,-0.1413438148487391,0.3194305839284463,-0.510356139862637,-0.785826086713622
284,-0.23759144767694468,0.3151891124337561,-0.47202475381128245,-0.7882884999690116
285,-0.33055049874602016,0.31237784967641535,-0.4265784398073563,-0.7817846771981498
286,-0.4187602792396594,0.3107795021665706,-0.37412984138954525,-0.7668655627592462
287,-0.5008478928400708,0.3100675608002155,-0.314934337995461,-0.7441947720378225
288,-0.575555220805104,0.309817656982289,-0.2493929086751558,-0.7145294845760658
289,-0.6417633770805022,0.309522023668076,-0.17805156349330067,-0.6786998787684001
290,-0.6985140842714859,0.3086066666716828,-0.10159727407839891,-0.6375876357490023
291,-0.7450274946396446,0.30645077847039626,-0.02085042106577173,-0.5921040555064984
292,-0.780716064996457,0.3024078656265969,0.06324613723775385,-0.5431683300673193
293,-0.8051941883576442,0.29582801342300236,0.14964118592402398,-0.4916865068156001
294,-0.8182833861963111,0.28608067859063513,0.2371921945106109,-0.43853165002706285
295,-0.8200129706124362,0.27257738395541303,0.3246849334175898,-0.3845256711781506
296,-0.8106161931371789,0.2547936878981974,0.4108552545437789,-0.3304232495524375
297,-0.7905220035827799,0.23228981676758279,0.4944125673241617,-0.2768982053923166
298,-0.7603426457234249,0.2047293794491562,0.5740644954153251,-0.22453261987562728
299,-0.7208574141249784,0.1718956294245944,0.648542165141195,-0.1738089212892845
300,-0.6729929857544485,0.1337047997137703,0.7166255559253515,-0.1251050768493894
301,-0.6178008189228894,0.09021610859424138,0.7771683357060403,-0.0786929467247498
302,-0.5564321787364207,0.04163811713185889,0.8291216110047737,-0.03473977307357323
303,-0.49011140094543615,-0.011668788740802516,0.8715560417878305,0.006687305567486895
304,-0.420108043633411,-0.06919392088825316,0.9036818050686513,0.04561390330246029
305,-0.3477085976940948,-0.13028184387952907,0.9248659375665321,0.08214846178802065
306,-0.27418843202708765,-0.1941418865918606,0.934646645570568,0.11647008000668886
307,-0.20078463776576486,-0.25986143324588296,0.93274423808105,0.14881448543493864
308,-0.12867040797808904,-0.32642271878573415,0.919068415687579,0.17945858033764794
309,-0.05893154589359488,-0.3927227620607524,0.8937217306572411,0.2087040325652384
310,0.0074543630652758874,-0.4575959874915283,0.8569991213463829,0.23686040343305867
311,0.06963565084979846,-0.519839013915185,0.8093835141987727,0.2642283154502134
312,0.12690075513777938,-0.5782370299415291,0.7515375770712076,0.2910831595949827
313,0.1786886044798599,-0.6315911299406093,0.6842917962450266,0.31765982560144357
314,0.2245950058049453,-0.6787459548998497,0.6086291340929926,0.34413890975560946
315,0.26437494169142045,-0.7186169686326894,0.525666602927881,0.3706348137521377
316,0.29794078837612026,-0.750216702587585,0.43663416116113485,0.39718609629182444
317,0.32535656816571185,-0.7726793217827261,0.3428513988424112,0.4237483776401024
318,0.3468284491662607,-0.7852828997537997,0.24570252946431964,0.4501900278971373
319,0.3626917985776161,-0.78746884102465,0.14661024240614567,0.4762907940338967
320,0.3733951808847825,-0.7788579542885125,0.04700899466229308,0.5017434407686537
321,0.3794817670041947,-0.7592627566643342,-0.05168166901350585,0.5261583981481512
322,0.3815686829581715,-0.7286956771992887,-0.1480831819490533,0.5490713263688786
323,0.38032487541461174,-0.6873729240899585,-0.2408828392167302,0.5699534280445769
324,0.376448105248166,-0.6357138825407699,-0.328856961843299,0.5882242618654963
325,0.370641698338183,-0.5743360162648397,-0.41089184784676674,0.6032667413732438
326,0.3635916846993827,-0.5040453527608042,-0.48600207151242414,0.6144439402120715
327,0.35594494273336597,-0.4258227380409848,-0.5533457576543137,0.6211172723373544
328,0.34828893529012983,-0.3408061478510141,-0.6122365315214462,0.6226655736525071
329,0.3411335791332457,-0.25026943711574595,-0.6621519256712045,0.6185045815217725
330,0.33489573048254884,-0.1555979950422532,-0.7027381105530202,0.6081062913831424
331,0.3298866980833197,-0.058261847898244956,-0.7338109036190943,0.5910176657570342
332,0.32630311354993874,0.04021318687471981,-0.7553531003411197,0.5668781804709493
333,0.32422139864664884,0.13827564437823903,-0.7675082573910862,0.5354357157193494
334,0.3235959730007271,0.23437917142342563,-0.7705711413161568,0.49656033513692577
335,0.32426124594913885,0.32701320362949937,-0.7649751332781891,0.4502555435455522
336,0.32593733534436253,0.4147328645854135,-0.7512769499631661,0.3966666723023701
337,0.328239356761329,0.49618740960151775,-0.7301391009166488,0.33608610881509965
338,0.3306900311903081,0.5701465712705981,-0.7023105518874353,0.268955162150308
339,0.3327352704034769,0.635524214197282,-0.6686061010957414,0.19586243788945804
340,0.3337623190167611,0.6913987706085674,-0.6298849998176925,0.11753868048510696
341,0.3331199628843,0.7370300055466318,-0.5870293597519513,0.03484812822963684
342,0.3301402566402021,0.7718717480765964,-0.5409228870980453,-0.05122348758371564
343,0.3241611804047562,0.7955803212616597,-0.4924304672623532,-0.1395840838046048
344,0.31454960801021337,0.8080185062021403,-0.4423790950845127,-0.2290532120876993
345,0.3007239573038402,0.8092549816870327,-0.39154060423677817,-0.31838252362863334
346,0.28217589748297944,0.7995592883621087,-0.34061659708759584,-0.40627828032276025
347,0.2584905089292884,0.7793924721480477,-0.290225914209401,-0.4914254265641429
348,0.22936432715226018,0.7493936633570353,-0.24089491246254913,-0.5725126932217115
349,0.1946207533455219,0.7103629430730721,-0.19305074401411765,-0.6482581751982606
350,0.15422237845060943,0.663240934562565,-0.14701774771966236,-0.7174348071853258
351,0.10827984391715975,0.6090856326739063,-0.10301698107904178,-0.7788951592357353
352,0.05705694864917585,0.5490470465492756,-0.06116883759883346,-0.8315949847090056
353,0.0009718057827445281,0.48434027901093807,-0.021498612977635695,-0.8746149777823186
354,-0.059406047402126516,0.4162176985563791,0.016055193854547012,-0.9071802355049314
355,-0.12336258046858445,0.3459408762460702,0.051630130200933794,-0.9286769694235273
356,-0.1900501326468243,0.2747529595417664,0.08542693851075173,-0.9386660729357654
357,-0.2585019974980095,0.20385213841062416,0.11769500785898589,-0.9368932212797927
358,-0.3276504231894389,0.1343668262206647,0.14871657450870862,-0.9232952597417381
359,-0.3963476330527468,0.06733312998192102,0.17879014959856152,-0.8980027203671738
360,-0.4633893913869215,0.003675122577243964,0.2082136708667035,-0.8613383961535173
361,-0.5275405711727015,-0.05581164463629247,0.23726788106485497,-0.8138119922345508
362,-0.5875621252312688,-0.11047303520039592,0.26620042820025586,-0.7561109637568573
363,-0.642238821807313,-0.15980536628859537,0.29521116217163856,-0.6890877378086143
364,-0.6904070806457143,-0.20346043119096466,0.3244390692745921,-0.6137435997728063
365,-0.7309822370342134,-0.24124644641850918,0.35395124129479505,-0.5312096008326438
366,-0.7629845692691537,-0.2731249676664942,0.38373422063557416,-0.44272491121186464
367,-0.7855634494245501,-0.2992039205486479,0.41368799855694466,-0.3496131014514071
368,-0.7980190176121775,-0.31972698944293676,0.44362287178705534,-0.2532568802193883
369,-0.7998208351652526,-0.33505969853969864,0.47325928534412137,-0.1550718507196448
370,-0.7906230410389739,-0.34567260099225094,0.5022307083625046,-0.056479867910873116
371,-0.7702756165378102,-0.35212206290383996,0.5300895071289183,0.04111741499006494
372,-0.7388314542922683,-0.35502918698838104,0.5563156975247617,0.13636422999553488
373,-0.6965490260072312,-0.3550574646828612,0.5803283797471326,0.2279750486378388
374,-0.6438905474833307,-0.35288977419228995,0.6014995835879537,0.3147570826457207
375,-0.5815156462304952,-0.3492053547246976,0.619170184616384,0.39563045371007544
376,-0.5102706440323621,-0.34465738373542576,0.6326674920960446,0.46964561333025456
377,-0.43117367145726027,-0.33985176446893833,0.6413240599298962,0.5359976617341252
378,-0.3453959309782479,-0.3353276959882421,0.6444972336649515,0.5940372908876255
379,-0.2542395176125509,-0.3315405481356358,0.6415889206297137,0.6432781587705714
380,-0.15911228855314224,-0.32884750076080677,0.6320650573325493,0.6834005883623102
381,-0.061500344111420246,-0.3274963317064295,0.6154742487070555,0.7142515730269661
382,0.03706126032219986,-0.32761765337564075,0.5914650677018836,0.7358411580418562
383,0.13501890907613195,-0.32922080538575993,0.5598015307887365,0.7483353537149162
384,0.2308312389297299,-0.3321935131955521,0.5203763045851599,0.7520458167899422
385,0.3229996709274111,-0.3363053221707196,0.4732212500197418,0.7474166116632612
386,0.4100979692116152,-0.3412147158850876,0.41851497207769606,0.7350084295154569
387,0.4908001582521432,-0.3464797291111555,0.3565871136583447,0.7154807001922169
388,0.5639061693629213,-0.3515717724422305,0.2879192097325448,0.6895720771922607
389,0.628364642011608,-0.3558922991973986,0.2131420009015241,0.6580798093645672
390,0.6832923737977329,-0.35879186839607513,0.13302919158653265,0.6218385331165528
391,0.7279899934193917,-0.35959109212063145,0.048487725291884054,0.5816990256522224
392,0.7619535214875848,-0.3576029031958544,-0.03945526447904113,0.538507452894991
393,0.7848815824559502,-0.3521555411573014,-0.12966858615734406,0.49308562554348284
394,0.7966781347932792,-0.3426156319468805,-0.2209358857623443,0.4462127437336939
395,0.797450693287864,-0.3284107302665329,-0.3119769167434294,0.39860906592771617
396,0.7875041244169342,-0.30905070323774775,-0.40147073307348347,0.35092188210484965
397,0.7673302004195821,-0.28414735974664324,-0.48808030380025125,0.30371410654646325
398,0.7375931975160065,-0.2534317709866473,-0.570478008248414,0.2574557331612651
399,0.6991119161830265,-0.2167687832414093,-0.6473714448965684,0.21251831825860656
400,0.652838584273938,-0.1741682925119532,-0.7175289743211561,0.1691725739483521
401,0.5998351750488135,-0.12579293048758358,-0.77980441786043,0.12758907201975947
402,0.5412477301383525,-0.07196190060468319,-0.8331603488205728,0.08784197535701771
403,0.4782793207116471,-0.01315079930739882,-0.8766894417978861,0.04991563379634828
404,0.4121623076354171,0.05001264128594429,-0.9096333873628047,0.01371380585856155
405,0.344130572568166,0.11675684982839585,-0.9313989329644777,-0.020928801081049386
406,0.27539238650591397,0.1861786089400071,-0.9415706751932925,-0.05423304014884214
407,0.20710456047530929,0.2572589028966314,-0.9399203019451096,-0.08646030246397801
408,0.1403484854509653,0.3288820831594362,-0.9264120638014581,-0.11789642085940145
409,0.07610861614519612,0.3998579285785587,-0.9012043401277429,-0.14883498525632255
410,0.015253887433514697,0.46894610066325226,-0.8646472549166396,-0.17956056960261962
411,-0.04147752547567342,0.5348824298860189,-0.8172763881021565,-0.21033237157018214
412,-0.09348977946605556,0.5964064182268092,-0.7598027177486947,-0.24136875426398635
413,-0.14033703989750096,0.6522893073775926,-0.6930990150089235,-0.27283315434038435
414,-0.18172713251397674,0.7013620421559299,-0.6181829949542073,-0.30482178380253355
415,-0.21752114529159305,0.7425424552661946,-0.536197600349438,-0.33735350429154676
416,-0.24772905755758895,0.7748610127357578,-0.4483888603870553,-0.3703621941620649
417,-0.2725015741064149,0.7974844888670326,-0.3560818207501271,-0.4036918615197558
418,-0.2921184373990792,0.809736984704478,-0.2606550838404322,-0.43709468242173677
419,-0.3069735788725577,0.8111177637489999,-0.16351452757453694,-0.4702320644927084
420,-0.31755754871319736,0.8013154515285561,-0.06606678712606945,-0.5026787543110312
421,-0.32443773021267913,0.7802182298922474,0.030306913982712347,-0.5339299241689848
422,-0.3282368983719504,0.7479197504910502,0.12427600897907343,-0.5634110923338324
423,-0.329610721426969,0.7047205925627174,0.21458436024951022,-0.5904906528258984
424,-0.3292248274877277,0.6511251953943223,0.3000720487460846,-0.6144947179998437
425,-0.3277320659468186,0.5878343031201554,0.37969472064046816,-0.6347239117468496
426,-0.3257505845696764,0.5157330661984456,0.4525400927744161,-0.6504716946291991
427,-0.3238433184774298,0.43587504738300475,0.5178412889529453,-0.661043756193148
428,-0.32249944722943713,0.34946247772744243,0.5749867570688363,-0.6657779752986507
429,-0.32211832194577056,0.257823197731427,0.6235266005002194,-0.6640644274820151
430,-0.3229962972787253,0.16238479796210148,0.6631752441212585,-0.6553649097409391
431,-0.32531682476996043,0.06464654041265883,0.6938104434648775,-0.6392314579816458
432,-0.3291440767188363,-0.03385030514799736,0.7154687329041733,-0.6153233506367153
433,-0.33442027537135216,-0.1315530378281236,0.7283374930321586,-0.5834221232541448
434,-0.340966803424937,-0.22692832167364174,0.7327438966541628,-0.5434441624496726
435,-0.3484890710524687,-0.3184925026455073,0.729141065032417,-0.4954505024712178
436,-0.3565850144501812,-0.40484075993742363,0.7180918294859419,-0.4396535124258607
437,-0.36475700386423526,-0.4846744334836174,0.7002505466219431,-0.37642023539520847
438,-0.37242684762695843,-0.5568259137430556,0.6763434570885996,-0.30627222042539876
439,-0.37895349527221167,-0.6202805387995439,0.6471481068162476,-0.22988177276953986
440,-0.3836529694363501,-0.6741950160341732,0.6134723655940474,-0.1480646347032194
441,-0.3858199948690544,-0.7179119693264363,0.5761335801797092,-0.06176919658201785
442,-0.3847507450592745,-0.7509703058625752,0.5359383879726141,0.027937576600807923
443,-0.3797660939655334,-0.7731111968824651,0.493663692939703,0.11988723619412117
444,-0.37023474299629194,-0.784279571614374,0.4500392686474204,0.2128296156603664
445,-0.355595592188234,-0.7846211306530574,0.40573240490726403,0.30545486042486697
446,-0.33537873954663766,-0.7744749915051933,0.3613349559624429,0.39641725264266914
447,-0.3092245234010512,-0.7543621823480047,0.3173530808554373,0.4843603142724569
448,-0.2769000686503567,-0.7249702976947915,0.2741998923644557,0.5679426366007949
449,-0.23831285780064998,-0.6871347192510406,0.23219115159465603,0.6458638622247206
450,-0.19352092025954515,-0.641816884596737,0.19154406299466378,0.7168902370655746
451,-0.14273931664649275,-0.5900801535208602,0.1523791413494251,0.7798791555014786
452,-0.08634268684217225,-0.5330638752429488,0.11472504030286199,0.833802141078651
453,-0.024863728841231447,-0.47195629810995293,0.07852615328151485,0.8777657380607198
454,0.041012422261823,-0.4079669857547739,0.04365272432721837,0.9110298345351762
455,0.1104578421922568,-0.3422994096437078,0.009913140169417689,0.9330229948440623
456,0.18251531695688472,-0.2761243773313675,-0.022931982441771193,0.9433544463778096
457,0.25611541988379066,-0.21055492890336522,-0.0551543471076599,0.9418224416562699
458,0.3300967999575703,-0.14662329173911431,-0.08704163429774514,0.928418799290565
459,0.40322923146098355,-0.08526042697835225,-0.11888075551229041,0.903329514881291
460,0.47423890195860896,-0.02727863138590117,-0.15094120666053917,0.8669314230495188
461,0.5418353552698714,0.026642422536247514,-0.18345901904795708,0.8197849824380399
462,0.6047394598236238,0.07596591528619022,-0.21662179003014043,0.7626233444703221
463,0.6617117418620507,0.12030418181153149,-0.2505552463159366,0.6963379517620113
464,0.7115804081853638,0.15942099067362842,-0.28531175183135254,0.6219609912898936
465,0.753268384919796,0.193229808893713,-0.32086112003907036,0.5406450988240761
466,0.7858187171564721,0.22178816264495096,-0.3570840289729297,0.45364077300171524
467,0.808417708844636,0.2452883028173759,-0.3937682675671633,0.36227200828176853
468,0.8204152322234883,0.26404447753316,-0.4306079659154895,0.26791069465409295
469,0.821341700154502,0.2784771985986627,-0.46720588182613193,0.1719503574728003
470,0.8109212714302108,0.2890949635277713,-0.5030787334990375,0.07577982255124205
471,0.7890809466294586,0.2964739572989685,-0.537665485454281,-0.019242610557154982
472,0.7559553082377739,0.3012363068653259,-0.5703384141077638,-0.11181392027073497
473,0.7118867612128401,0.30402749541685264,-0.6004167026968771,-0.2007095024234153
474,0.6574212364475231,0.3054935616701058,-0.6271822445827296,-0.2848042024375594
475,0.5932994270683587,0.3062587115975666,-0.6498972711251553,-0.3630907991054302
476,0.5204437335753995,0.30690395598459985,-0.6678233669779742,-0.4346955630108365
477,0.439941195880836,0.30794735739720686,-0.6802413931829656,-0.49889058543884957
478,0.3530227858379614,0.3098264253395494,-0.6864718079814752,-0.5551026532878187
479,0.2610395205256474,0.3128831397345264,-0.685894857638538,-0.6029185300342123
480,0.16543593224171982,0.31735201188090106,-0.6779701052954422,-0.6420865901139378
481,0.06772149400430838,0.32335151054409567,-0.6622547751031114,-0.672514842015999
482,-0.03055935217564676,0.33087909090769924,-0.6384204114760152,-0.6942654617691256
483,-0.12785788409257975,0.33980996804438846,-0.6062673887405877,-0.707546041217606
484,-0.22265180853377162,0.34989967680881284,-0.5657368539086379,-0.7126978325035659
485,-0.31347529442372934,0.3607903591544549,-0.516919743654636,-0.710181339621917
486,-0.39894765050105674,0.3720206204048855,-0.4600625844112455,-0.7005596681069289
487,-0.4778000014455843,0.3830387005049982,-0.3955698601726687,-0.6844800933971829
488,-0.5488993652216912,0.39321861717817375,-0.3240028142634139,-0.6626543460304894
489,-0.6112695975494412,0.4018788574999119,-0.24607463698889578,-0.6358381366645759
490,-0.6641087452983705,0.40830312472725894,-0.16264207862540697,-0.6048104554458239
491,-0.706802437346356,0.4117625900881345,-0.07469361447137995,-0.5703531782346583
492,-0.7389330369195066,0.41153905611150343,0.016665626491397523,-0.5332314967604738
493,-0.7602843812768891,0.40694841009290933,0.11023187749350627,-0.494175661373087
494,-0.7708420403196882,0.397363734183792,0.2047233288542772,-0.45386448445996863
495,-0.7707891326900553,0.38223744271297067,0.29880287090126306,-0.41291100089040456
496,-0.760497843553851,0.3611218376291954,0.3911024986569467,-0.3718506203861268
497,-0.7405168899448911,0.3336875089256759,0.4802488480949107,-0.33113203710428707
498,-0.7115552747987489,0.2997390577030162,0.5648893023813322,-0.2911110857533898
499,-0.6744627572968651,0.259227683906112,0.6437180884754106,-0.25204765320419187
