,0,1,2,3
0,0.9918911464868441,0.0,0.12709033606460438,0.0
1,0.9923350857681125,-0.06731824448545065,0.0454877121325427,-0.09311390636170744
2,0.9738093144255178,-0.13305794962430398,-0.04256588003685899,-0.17938547052804138
3,0.9367598828366588,-0.19503870382791216,-0.13527406025606353,-0.25718039299063217
4,0.8820442589464952,-0.2511777036653891,-0.23067423309778462,-0.3251108805094949
5,0.8109105274213457,-0.2995464069206161,-0.32668346755020783,-0.3820654114776105
6,0.7249672855076866,-0.33842326336831985,-0.42114784430256,-0.4272313459872295
7,0.6261449773929422,-0.3663411675776929,-0.5118940627963371,-0.460109861551852
8,0.5166496186129559,-0.38212841069373493,-0.5967820395293908,-0.48052288876067945
9,0.3989100481797124,-0.38494207163705707,-0.6737571999247068,-0.488611922178173
10,0.2755200040033864,-0.37429297841315606,-0.7409011691397158,-0.48482878552328634
11,0.149176442947896,-0.3500615824726134,-0.7964796024591293,-0.46991863148073865
12,0.022615617381662727,-0.3125043180033688,-0.8389859625459594,-0.4448956503839139
13,-0.10145152686481512,-0.26225025793532125,-0.8671801472010886,-0.41101214362832783
14,-0.2204030519432143,-0.20028812329043905,-0.8801209950393012,-0.3697217824985986
15,-0.3317672744654701,-0.12794394618683613,-0.8771918445836447,-0.3226380170157198
16,-0.43328006593437085,-0.0468499231988197,-0.8581184910572756,-0.2714887188554185
17,-0.5229368161989181,0.04109478103765414,-0.8229790704426032,-0.2180682343869346
18,-0.5990378035142748,0.13377031569990722,-0.7722055975984519,-0.16418808615718078
19,-0.6602258802807588,0.2288883664064995,-0.7065770894946038,-0.11162759216518245
20,-0.7055155758816019,0.3240490218825065,-0.6272044108792787,-0.06208567128588442
21,-0.7343129324320041,0.416800868246827,-0.5355071828266321,-0.017135070262071186
22,-0.7464256203426121,0.5047028101146401,-0.4331832895813442,0.02181981636075854
23,-0.7420631226261415,0.5853860707633631,-0.3221717010896279,0.053580455499990326
24,-0.7218270238038699,0.6566148153172435,-0.20460949306524973,0.07718605677148574
25,-0.6866916849477472,0.7163438715044899,-0.08278408930377941,0.09193901315397536
26,-0.6379758247065769,0.7627720913012923,0.040918131318557066,0.09742325364723271
27,-0.5773057511806242,0.7943900020162206,0.16406563106657945,0.09351504185514485
28,-0.5065711956320762,0.8100205344921907,0.28423662132702704,0.08038594748754639
29,-0.42787488112697464,0.8088517856708426,0.3990737632881518,0.05849791767831178
30,-0.3434771127769845,0.7904609685738924,0.5063373471131307,0.02859057673512405
31,-0.25573679748021644,0.7548289199496274,0.6039556725942472,-0.008338918603252435
32,-0.1670503869515623,0.7023447690162402,0.6900714228820337,-0.0510629511135253
33,-0.07979028627027174,0.6338006141120591,0.7630829212056183,-0.09815674776797238
34,0.003755720022720392,0.5503763015838186,0.8216792860994121,-0.14803706298487868
35,0.08144250128653702,0.45361464674978746,0.8648686504124306,-0.1990052481017498
36,0.15132161774108524,0.3453876741538306,0.8919987795861777,-0.24929360152959687
37,0.21169000868016408,0.2278546776681643,0.9027696111246404,-0.29711380869894727
38,0.2611321168711265,0.10341310474218157,0.8972374352233468,-0.3407062255665693
39,0.29855440166550484,-0.0253565518462973,0.8758106412648375,-0.37838873552458274
40,0.3232113870311265,-0.1557505214691332,0.8392371612518956,-0.40860391766277393
41,0.3347226056339638,-0.2850047320649638,0.7885839441259287,-0.4299633043004739
42,0.33308003085418647,-0.4103594639982293,0.7252089892832738,-0.441287576548437
43,0.31864582942819647,-0.5291241065072562,0.6507266486480917,-0.4416416466323544
44,0.292140512229999,-0.6387404374782416,0.5669670699114627,-0.43036370232642535
45,0.25462180340546436,-0.7368428819434669,0.47593079497165114,-0.4070874389580781
46,0.20745478257081543,-0.821314277589858,0.37973964372434416,-0.37175687431391713
47,0.15227407520745784,-0.8903357848819541,0.280585101299667,-0.32463332716621096
48,0.09093906720760625,-0.9424297224492287,0.18067548447261772,-0.26629433642168365
49,0.02548329571884357,-0.9764942816201644,0.08218318888887,-0.19762450016756822
50,-0.04194068441288568,-0.9918292731125619,-0.012806687658124833,-0.11979841709811345
51,-0.10911954487972432,-0.988152278974985,-0.1023450891916747,-0.03425611186538827
52,-0.17383904627941313,-0.9656048184606721,-0.18466392570503054,0.057328484171505475
53,-0.23394398481227605,-0.9247483817598408,-0.2582160894572755,0.15308524928320688
54,-0.2873966868626492,-0.8665504343363098,-0.32170960122408115,0.25099087953981125
55,-0.3323325510567766,-0.7923607408384201,-0.3741350738555771,0.34891614808885907
56,-0.36711121120941503,-0.7038785950759833,-0.41478584995861884,0.44467626502020763
57,-0.39036200333237164,-0.6031117654851722,-0.4432703556599884,0.5360831059460507
58,-0.4010225628376015,-0.49232816831613246,-0.45951640858190757,0.6209980265843271
59,-0.39836955065226626,-0.3740014584491274,-0.46376742046133196,0.6973839616091553
60,-0.38204070485814273,-0.25075187587543596,-0.45657063821035865,0.7633555193359307
61,-0.3520476327237367,-0.12528380080653814,-0.4387577665641678,0.817225829149265
62,-0.30877899115443913,-0.0003215492622902494,-0.4114185058167994,0.8575489748691849
63,-0.25299394580997664,0.12145501810286932,-0.3758677147534013,0.8831569526234773
64,-0.18580604436618636,0.23747349924173186,-0.33360706734667556,0.8931902236652773
65,-0.10865788148989702,0.3453290283928065,-0.28628220814793526,0.8871210876973612
66,-0.023287165987130556,0.4428399656786649,-0.2356365221771477,0.8647692768098704
67,0.06831498156027051,0.5280978473814585,-0.18346271774861145,0.8263093597931609
68,0.16395247499955412,0.59951039029568,-0.1315534730146138,0.7722697466603464
69,0.26127825508154334,0.6558365179489497,-0.08165241778228248,0.7035232887520131
70,0.3578524885036115,0.6962125762611544,-0.03540671086351989,0.6212696757072617
71,0.45120352504155914,0.7201691263911214,0.005677569838248839,0.5270100317677572
72,0.5388900916097755,0.7276379376033192,0.04027608101532331,0.42251430534745493
73,0.6185631673522126,0.718949047111321,0.0672818704311084,0.3097822228021072
74,0.688025987974392,0.6948180009342426,0.0858351238998263,0.19099873547933757
75,0.7452906704103238,0.6563236336809078,0.09534624214225566,0.06848502449857125
76,0.7886300295412861,0.6048769797806448,0.09551165767833425,-0.055353763058103564
77,0.8166232750675569,0.542182128170681,0.08632198754220104,-0.17808279247870168
78,0.8281944259076556,0.4701900313687869,0.06806231339606603,-0.29729253066984973
79,0.8226424579692446,0.3910464532630219,0.041304581652798114,-0.41065312524223874
80,0.7996624043782834,0.30703538353395243,0.006892317438377538,-0.5159668673882349
81,0.7593568502253738,0.22051935683035354,-0.03408195742492286,-0.6112174796723456
82,0.702237501053104,0.13387818892396547,-0.08030602569331033,-0.694615047981596
83,0.6292167497721229,0.049447678251230434,-0.13028324647394984,-0.7646355240308788
84,0.5415894143530264,-0.030540181363345343,-0.1823728955271507,-0.8200538583288799
85,0.4410050623356771,-0.10401397232064308,-0.23483454161225015,-0.8599699800703224
86,0.32943157186184097,-0.16911518366668524,-0.28587532185400116,-0.8838270161456321
87,0.20911079675381125,-0.22424478937520426,-0.33369890319096973,-0.8914213319907717
88,0.08250739970505945,-0.2681029108813895,-0.3765548715989635,-0.8829041776126798
89,-0.04774791197926441,-0.29972057662361284,-0.41278727712146035,-0.8587749278458713
90,-0.1789193737026548,-0.3184827923221996,-0.4408810811521882,-0.8198661116246857
91,-0.30822989353145236,-0.32414235625463783,-0.4595053024666065,-0.767320625697207
92,-0.43292597488259327,-0.3168240883413825,-0.4675517389603759,-0.7025617187932577
93,-0.5503422508778928,-0.2970193845535326,-0.464168250934104,-0.6272565080753392
94,-0.6579640572271959,-0.2655712529085781,-0.448785726361853,-0.5432739464023281
95,-0.7534865173459561,-0.22365022799881484,-0.42113800554855396,-0.45263829265377753
96,-0.8348686980198975,-0.17272179156780765,-0.38127421800929295,-0.35747924480390336
97,-0.9003815142110858,-0.11450614133603845,-0.32956317391772577,-0.25997997396060735
98,-0.9486482145797182,-0.05093134369876126,-0.26668965134299444,-0.16232434527914574
99,-0.9786764611845049,0.01591892676949829,-0.19364262375856348,-0.06664462737370673
100,-0.9898812231132706,0.08386172106119523,-0.11169567488292129,0.025029024768835194
101,-0.9820979293689553,0.15067377951962307,-0.02238004473553351,0.1108160768666627
102,-0.9555855656000278,0.21415161550465053,0.07254906306439952,0.18902895503626502
103,-0.9110196462834135,0.27217117985120926,0.17115211192672866,0.25821116847856385
104,-0.8494752426153522,0.3227455768376533,0.2713498488408176,0.3171692991911137
105,-0.7724004904737009,0.3640793506880722,0.3709718270886719,0.3649980989334472
106,-0.681581236330644,0.39461794723813276,0.46780765424758547,0.40109810848086114
107,-0.5790976961281802,0.41309107616252005,0.5596597126880514,0.42518540323940274
108,-0.46727419749896193,0.4185488520777165,0.6443960588730314,0.43729326782496
109,-0.3486232444835008,0.41038977407634497,0.7200021989430265,0.43776580526186776
110,-0.2257852818850192,0.38837980828830465,0.7846304615860026,0.42724368895207593
111,-0.10146564020570333,0.35266206177307896,0.8366457444953066,0.40664246244274904
112,0.02162979083570182,0.30375677283168784,0.8746664964734082,0.3771239783601867
113,0.14085858353884873,0.24255158676203104,0.897599911347254,0.3400617390299145
114,0.2537039219553519,0.17028233106290078,0.9046704495176664,0.29700105299773333
115,0.3578333630730257,0.08850474398657665,0.8954409647290011,0.24961505012501242
116,0.4511527791538694,-0.0009421608611751148,0.8698258935226745,0.1996576999570308
117,0.5318541730409887,-0.09598019920540951,0.8280961583829238,0.14891505112250417
118,0.5984562126614824,-0.19434250557832936,0.770875638007475,0.09915595180815508
119,0.6498365137979415,-0.2936291601817685,0.6991292644281654,0.05208352182812455
120,0.6852549069105266,-0.3913665738222117,0.6141430117578182,0.009288625234325942
121,0.7043671492005793,-0.48506915402534295,0.5174962400689367,-0.027793460646356433
122,0.7072287815896894,-0.5723017146536016,0.41102704539170337,-0.05792206705804227
123,0.6942890758955773,-0.6507410689126268,0.2967914384055489,-0.08008484508122153
124,0.6663752640944224,-0.7182352621343054,0.17701732583588506,-0.09352530130325425
125,0.6246674830231087,-0.7728589557881096,0.054054396100459826,-0.09776345111493004
126,0.5706650981799964,-0.8129635664581529,-0.0696788887839486,-0.09260905889107389
127,0.5061452836969741,-0.8372208907623353,-0.19174992211508815,-0.07816712372404852
128,0.43311492676994984,-0.8446591062397871,-0.30976688972569577,-0.05483546739959909
129,0.35375708909803566,-0.8346902251571644,-0.4214326956985688,-0.023294482956344786
130,0.2703733911160736,-0.8071282883495989,-0.5245965819386054,0.015510697617183766
131,0.18532378371049404,-0.7621978144032898,-0.6173022039849865,0.0603951642546912
132,0.10096523424219829,-0.7005322600369991,-0.6978310128960423,0.10996568356699961
133,0.01959087753947257,-0.6231624944718563,-0.7647399087444451,0.16265784633513122
134,-0.056628832497378684,-0.5314955377537831,-0.8168922723475701,0.21677796026493412
135,-0.12570148851546095,-0.42728405426249144,-0.8534816448242402,0.2705486180081448
136,-0.18586322095666674,-0.3125873220023001,-0.8740475053694674,0.3221567748417757
137,-0.23562304870489278,-0.18972461001296098,-0.8784827917866335,0.3698031041097476
138,-0.27379997991267807,-0.06122208509038936,-0.8670330109957525,0.41175136325292444
139,-0.29955193848480194,0.07024546973775479,-0.8402869929207408,0.446376499896152
140,-0.3123957994443562,0.20191671289919078,-0.7991595457373281,0.47221025613429346
141,-0.31221804198972725,0.33100807125914894,-0.7448664683679559,0.4879830891726136
142,-0.2992757668091641,0.454778771966268,-0.6788925624408656,0.49266131635446764
143,-0.2741880681908566,0.5705949958332346,-0.6029534560782308,0.4854785101270234
144,-0.23791799553411863,0.6759915891737828,-0.5189522016383632,0.46596031073689637
145,-0.19174557691365252,0.7687298299265963,-0.4289317352146905,0.4339419878748685
146,-0.13723260340811838,0.8468498400116715,-0.33502438419636515,0.3895782630330962
147,-0.07618008131081677,0.9087163668093905,-0.2393996781062496,0.3333450974993341
148,-0.010579444871348343,0.9530568191833646,-0.14421175557480864,0.26603335187215277
149,0.05744121977799713,0.9789906335570264,-0.051547665785002535,0.1887344267221665
150,0.12567456233974011,0.9860492584871804,0.03662216406239395,0.10281819545675547
151,0.19189349868499936,0.9741862766737345,0.1184900820545158,0.00990373453352772
152,0.25391135988708435,0.9437774256859652,0.19245286083761137,-0.08817646194582567
153,0.3096411194987917,0.8956105268598289,0.25714783427251386,-0.18941793110038416
154,0.3571521808491016,0.8308655796717762,0.3114826540062872,-0.2916903572019707
155,0.3947232665902659,0.7510855202747191,0.35465796094248964,-0.39278723857335307
156,0.4208900499010876,0.6581383718055623,0.38618244630022525,-0.4904778971788196
157,0.434486298223023,0.5541717248662605,0.40587996940869947,-0.5825605603265638
158,0.43467746289138887,0.44156067401879207,0.41388859976650555,-0.6669152130501268
159,0.4209858374657426,0.3228504955780662,0.41065165418600547,-0.7415549211437827
160,0.3933066192280137,0.20069547949216282,0.39690100095652203,-0.8046743584969935
161,0.3519144369132545,0.07779542051851862,0.3736330968671096,-0.8546943375054425
162,0.29746014754978184,-0.043168671036344836,0.3420784047854171,-0.8903012363464887
163,0.23095795031455874,-0.15959806239137594,0.3036650047528533,-0.9104803394669578
164,0.15376310942447163,-0.2690374412877788,0.2599773561049778,-0.914542254725339
165,0.0675408151736426,-0.36923221623936514,0.21271128835686876,-0.9021417386321323
166,-0.025773063646669078,-0.45818057953370744,0.16362639151436603,-0.873288445891968
167,-0.1240183771628916,-0.5341790711221991,0.11449703977559389,-0.8283493164019229
168,-0.2248631010751395,-0.5958605453265727,0.06706331470837043,-0.7680425171293036
169,-0.3258604584499835,-0.6422236331279291,0.022983094143828944,-0.6934230628226214
170,-0.42450934119550254,-0.6726530059208257,-0.01621345876817,-0.6058604431865565
171,-0.518316529633611,-0.6869299766852361,-0.04916583482388779,-0.5070087799297593
172,-0.6048591598556395,-0.6852332158099333,-0.07472046729687731,-0.3987702201223706
173,-0.6818458784691577,-0.6681296052722054,-0.09196241034655546,-0.2832524380419005
174,-0.7471751532019342,-0.636555500394305,-0.10024059176435957,-0.1627212620346689
175,-0.7989892749378945,-0.5917889068379286,-0.09918598892923333,-0.03954956229738617
176,-0.8357226904792299,-0.5354133059244615,-0.0887222576812473,0.083836373067655
177,-0.8561434431046637,-0.4692740681690348,-0.06906853653681219,0.20501168511487292
178,-0.8593866664224583,-0.39542857794615105,-0.040734348415721676,0.3216076960800665
179,-0.8449792719271039,-0.3160913469152934,-0.004506723807228483,0.43136525110321855
180,-0.8128551872295849,-0.23357551638657018,0.03857013200306665,0.5321853696372809
181,-0.7633607347679535,-0.15023223616454928,0.08722211438788093,0.622175993263348
182,-0.6972499841363777,-0.0683894574175298,0.13997874647526873,0.6996937131853962
183,-0.6156701589502738,0.009708311441454773,0.19521210639577216,0.7633794846494295
184,-0.5201374252338463,0.08195776426373828,0.2511801641041373,0.812187483841393
185,-0.4125036265541938,0.14645061596966408,0.3060734229941523,0.8454064317820073
186,-0.29491475560670516,0.20152212650746643,0.3580636750812647,0.862672895158206
187,-0.16976215709258285,0.2457931116541878,0.40535362203761477,0.8639762713081934
188,-0.039627637413324236,0.27820438863031915,0.4462260892693998,0.8496553688144425
189,0.09277619156131792,0.29804279705773623,0.47909156718370416,0.820386701290825
190,0.22466888839914384,0.30495814978657976,0.5025328526558684,0.7771648148660579
191,0.35326694813902654,0.2989706981794659,0.5153456335344486,0.7212751645381966
192,0.47584878339851433,0.28046893679997953,0.5165739580897846,0.6542602361842674
193,0.5898183389219871,0.25019781707890154,0.5055396571717397,0.5778797750630701
194,0.6927657904582167,0.2092376822929628,0.4818649363684373,0.4940661240948551
195,0.7825238496840144,0.15897447100189244,0.44548752493333105,0.40487579252673717
196,0.857218304273451,0.10106195706380468,0.3966679534533714,0.31243846491124566
197,0.9153115634917901,0.0373769959481553,0.3359887285516469,0.21890471945198625
198,0.9556381513678089,-0.030031075765021724,0.2643453754572175,0.12639375227080302
199,0.9774312873107797,-0.09899559251299905,0.1829295229779927,0.036942399381129316
200,0.9803399130820484,-0.16729085261321955,0.09320440519144757,-0.04754328872863285
201,0.9644357598716011,-0.23269206076005952,-0.003126654971246756,-0.1253327330301913
202,0.9302102940405099,-0.29303538635935045,-0.10415803790441468,-0.19491068298632952
203,0.8785616287969085,-0.34627659980127895,-0.2078249938896767,-0.25501127965355647
204,0.8107717355061719,-0.3905467833743725,-0.311951145741206,-0.30464550804335333
205,0.7284745263831078,-0.4242036859747321,-0.41429917787478343,-0.34312139022310445
206,0.6336156040722005,-0.4458773992636711,-0.512623479145278,-0.37005645478909605
207,0.528404677545705,-0.4545091747683006,-0.6047234542654759,-0.38538221373136516
208,0.41526182278678586,-0.4493823730645605,-0.688496197896383,-0.3893405794376956
209,0.2967589164451381,-0.4301447333445241,-0.7619872371364441,-0.3824723575991434
210,0.17555768735480817,-0.39682136942459745,-0.8234380918822308,-0.3655981510018458
211,0.05434591161006538,-0.3498181311564335,-0.8713294773340671,-0.33979219963712304
212,-0.0642266801788104,-0.28991521243520746,-0.9044190769505818,-0.30634985947396
213,-0.1776112108231378,-0.21825113250258116,-0.9217729448637342,-0.26674958119651915
214,-0.2834196420486376,-0.13629745987137823,-0.9227897509310091,-0.2226103872471369
215,-0.37948047298830473,-0.04582488188287022,-0.9072172554215274,-0.1756459572162808
216,-0.46388879645214454,0.051138558207180745,-0.8751605895136529,-0.1276165152039041
217,-0.5350495005829189,0.15235603611609527,-0.827082117645648,-0.08027976616648783
218,-0.5917125762598286,0.2554361395620804,-0.7637928633634706,-0.03534215014131625
219,-0.6329996889605464,0.3578913418815153,-0.6864356865608593,0.005588326924983622
220,-0.6584213927772615,0.4571993082019949,-0.5964606018000084,0.04104646894971215
221,-0.6678845984328805,0.5508655116768055,-0.49559281973717895,0.06975032792865511
222,-0.6616901506133074,0.6364856007385777,-0.3857942717932662,0.09063666192714254
223,-0.6405206166451697,0.7118059606403492,-0.26921953769097007,0.10289049798121974
224,-0.6054186323523083,0.7747809536974631,-0.14816723237797613,0.10596803592479753
225,-0.557756385741601,0.8236254016317333,-0.025028019778790614,0.09961229932786894
226,-0.499197039148748,0.8568609883141076,0.09776949697991463,0.08386112490769651
227,-0.4316490901411295,0.8733554091709467,0.21781370777634795,0.05904727730303621
228,-0.35721484585966834,0.8723532709043085,0.33276442961422303,0.025790677066161824
229,-0.2781343302516792,0.8534979475849507,0.4404055352112026,-0.015017068923788748
230,-0.1967260552089365,0.8168438215896312,0.5386945138494194,-0.06223544875158825
231,-0.11532616221785993,0.7628585747524677,0.6258077785593394,-0.11450456553936497
232,-0.03622747889015842,0.69241544060102,0.7001806391210672,-0.17028065066404569
233,0.03837996624481576,0.6067755765520477,0.7605409922940852,-0.2278766704410647
234,0.1064654669878033,0.5075609592850563,0.8059359358458708,-0.28550699511735267
235,0.1662097744197788,0.39671844111896537,0.8357506874863514,-0.3413349934149086
236,0.2160515302952729,0.27647582425162165,0.84971937939298,-0.3935223388137812
237,0.2547268315631908,0.14929100773479934,0.8479274989226478,-0.4402787672169655
238,0.28130093383667265,0.0177954341185545,0.8308059513900744,-0.4799110107946923
239,0.2951913015619795,-0.11526679547590449,0.7991169263550434,-0.5108696500632364
240,0.29618143233692396,-0.2471026610401041,0.7539319496058313,-0.5317926752121496
241,0.2844251167882976,-0.37493526971442503,0.6966026939793437,-0.5415446271590718
242,0.2604410377664205,-0.49606862643523764,0.6287252985921152,-0.539250296823342
243,0.22509785727636644,-0.6079505532078266,0.5520991036069423,-0.5243220949953336
244,0.17959018040474933,-0.7082322257334399,0.4686808424362432,-0.49648036161372805
245,0.12540601648075075,-0.7948228786885922,0.380535441963817,-0.4557660583600004
246,0.06428657303937457,-0.8659383493365664,0.28978466128145414,-0.40254547787934514
247,-0.0018205875651143705,-0.9201422804117468,0.1985548486336247,-0.33750680192207466
248,-0.07081383068868546,-0.956378983605105,0.10892511355726131,-0.2616485443074247
249,-0.14049383464919327,-0.9739971700194172,0.022877196203532332,-0.1762601177623484
250,-0.20862263767922104,-0.9727639785673906,-0.05775173104977731,-0.08289496130802569
251,-0.2729838372022523,-0.9528689718816529,-0.13131217213513313,0.016663147982390727
252,-0.3314424016616174,-0.914918015971238,-0.1963802746659171,0.12043980303111253
253,-0.3820025634768189,-0.8599172084747428,-0.2517897370808035,0.22631474624276005
254,-0.4228623085873738,-0.7892472647575877,-0.2966568914329445,0.3320706428068707
255,-0.4524630623097967,-0.704629005217732,-0.33039837140577233,0.4354446674647888
256,-0.4695332907830909,-0.6080808051965603,-0.3527409632640349,0.5341816507831986
257,-0.4731248891318188,-0.5018690654356324,-0.36372343527196077,0.6260874883566437
258,-0.46264140784676483,-0.3884529312085807,-0.36369034367159797,0.709081505823596
259,-0.4378573732678241,-0.2704246278800834,-0.3532780155394505,0.7812464944224892
260,-0.3989281813483055,-0.1504468862522189,-0.33339310566708324,0.8408751855280301
261,-0.34639028050489334,-0.031189000050955436,-0.3051843111170193,0.8865120168929432
262,-0.2811516033985648,0.0847369114063145,-0.2700079986270538,0.9169891561131707
263,-0.20447245284646162,0.19483787067363686,-0.22938865228791908,0.9314558853643291
264,-0.11793728759503826,0.29679872223661363,-0.18497517810100939,0.9294006123087837
265,-0.023418083370833676,0.3885360923929544,-0.1384942049124219,0.9106649512773196
266,0.07696984228550863,0.4682463163961037,-0.09170159525485685,0.8754495119581343
267,0.18091846174373985,0.5344461729664658,-0.04633342297150671,0.8243112351032965
268,0.28598288148856965,0.5860054475532148,-0.004057686076061856,0.7581523211843126
269,0.3896410211677395,0.6221705510865058,0.033571997152957646,0.6782010033841265
270,0.4893556505136106,0.6425786452604813,0.06515951280884968,0.5859846157162509
271,0.5826372445688583,0.6472619630268236,0.08950508284247602,0.48329559547468237
272,0.667106093375862,0.6366422580228696,0.10563879978379027,0.3721512319750916
273,0.7405521169863497,0.6115155629914565,0.1128479966918397,0.2547481263697969
274,0.8009908899799696,0.573027678727544,0.11069774185696721,0.13341245642363836
275,0.8467144703521372,0.5226410456883991,0.09904392327293017,0.01054724232884189
276,0.8763357534154315,0.46209386438409195,0.07803857694186403,-0.11142211761259273
277,0.8888252291508558,0.39335252269521437,0.04812731091949171,-0.23010273109612978
278,0.8835392073434222,0.31855855356653273,0.010038878679145186,-0.3431881961131866
279,0.8602387842349516,0.23997148099150922,-0.03523284419829602,-0.4485103890640809
280,0.8190990521341254,0.15990901249601344,-0.08645403185478728,-0.5440878154228216
281,0.7607082937882409,0.08068609996902085,-0.14218259737006644,-0.6281693673195703
282,0.6860571503749379,0.004554416108961047,-0.20080560101273376,-0.6992724464150146
283,0.5965179995776062,-0.0663562196533122,-0.260581431946928,-0.7562145499907682
284,0.49381502221208173,-0.13009298376841955,-0.31968569427434346,-0.7981375797995257
285,0.37998566625773844,-0.18493036675237462,-0.376259631564763,-0.824524312889706
286,0.25733443018412716,-0.2294143978878453,-0.4284598565649033,-0.8352066668770972
287,0.1283800778548364,-0.26239966307711454,-0.4745081162941556,-0.8303655941800417
288,-0.004202439704383998,-0.28307818602579354,-0.5127398181812153,-0.8105226455493817
289,-0.13764394882447523,-0.29099944972765335,-0.5416500704130569,-0.7765234477024764
290,-0.26914540030839007,-0.28608106006798084,-0.559936048601018,-0.7295135379417557
291,-0.3959430357464533,-0.2686097906241684,-0.566534589774775,-0.6709071853941136
292,-0.5153727885547221,-0.23923299146621405,-0.560654031400412,-0.6023499993242508
293,-0.6249323533374845,-0.19894058883543647,-0.541799454693985,-0.5256762756290065
294,-0.7223394139685582,-0.14903814088614023,-0.50979065445366,-0.44286215939100904
295,-0.8055846148909751,-0.09111164123779328,-0.4647723379110231,-0.35597580113630617
296,-0.8729779892192089,-0.026984971223116085,-0.4072162482194612,-0.2671257547540849
297,-0.9231877180900954,0.041328911814258094,-0.3379151093447862,-0.17840890418462033
298,-0.9552702843573772,0.1116818036984851,-0.2579684932858395,-0.09185921302874799
299,-0.9686912954780921,0.18184772582293413,-0.1687609126377052,-0.009398566044541538
300,-0.9633364800409913,0.24958257329257935,-0.07193263647208376,0.06720908525684716
301,-0.9395126041396807,0.31268441499438293,0.030656089523539848,0.1363991475685418
302,-0.8979383016951423,0.36905290377116423,0.13696657130954404,0.19684237071988228
303,-0.8397250607331271,0.4167462756477175,0.24482795016280742,0.24747452177866297
304,-0.7663488493700795,0.454034476109887,0.35198712748282374,0.287519038776857
305,-0.6796130948616508,0.4794470473048433,0.45616112263562847,0.3165021331982465
306,-0.5816039408275767,0.4918145403296318,0.555090591708042,0.3342600019915642
307,-0.4746388964391174,0.49030237825849976,0.64659320244703,0.34093800962991194
308,-0.36121015226915815,0.4744362842005013,0.72861556033694,0.33698190361887326
309,-0.2439239666817888,0.4441185997697726,0.7992824127624206,0.32312132777866015
310,-0.1254376208895225,0.39963504762073004,0.8569419217562607,0.30034609156012015
311,-0.008395497814713763,0.3416517314470321,0.9002058893916738,0.26987583574717133
312,0.10463414173249715,0.27120241207510837,0.9279839411539327,0.23312390059571414
313,0.21122013273243828,0.18966634286890088,0.9395108186328064,0.19165634762027428
314,0.30912563586385233,0.09873718548431223,0.9343661000144144,0.14714720723906605
315,0.3963602262281909,0.00038375211811920995,0.9124858509923517,0.10133111830731617
316,0.47122557427816825,-0.10319647285093346,0.8741659053118991,0.05595458987039582
317,0.532353614442883,-0.2096298957125154,0.820056678346236,0.012727148655458903
318,0.5787362862868366,-0.31642416956351427,0.75114962382723,-0.02672636292450059
319,0.6097461448859306,-0.4210289294737509,0.6687556479994891,-0.06091110417415982
320,0.6251473661524047,-0.5208984044869817,0.5744759919809524,-0.08850399670705159
321,0.6250969133687794,-0.6135543536890381,0.47016627713115955,-0.10839084746728783
322,0.6101358771908474,-0.6966477616456445,0.3578945751938188,-0.1196978721845338
323,0.5811712467114344,-0.7680177555625138,0.23989451076070215,-0.12181680033344033
324,0.5394486077190846,-0.8257462719085609,0.11851452459155842,-0.11442290644752284
325,0.48651649009131454,-0.8682071023732921,-0.0038354804715691054,-0.09748549300974543
326,0.42418329370307156,-0.8941080853887533,-0.12473882613984207,-0.07127054257494661
327,0.3544679061412629,-0.9025253766672556,-0.24182676153188679,-0.03633545643663852
328,0.279545281320213,-0.8929289261512315,-0.352831866850547,0.006484000984413471
329,0.2016883719173842,-0.8651985046355556,-0.45563887579750206,0.05609423385430597
330,0.12320789732274524,-0.8196298557522573,-0.5483316994895607,0.11117131343889225
331,0.04639148032316764,-0.756930792235153,-0.6292355294047838,0.17019475566058492
332,-0.02655630123803715,-0.6782073033676603,-0.696953019203265,0.2314867286623013
333,-0.09357142737767929,-0.5849399871017579,-0.7503936920893974,0.29325570129213546
334,-0.15278405694884173,-0.47895135939192135,-0.7887958880556443,0.3536434281382757
335,-0.20256690061088162,-0.3623648188725742,-0.8117407497020704,0.41077407914018477
336,-0.24157712416161753,-0.2375562515131691,-0.8191579417779896,0.4628042641018564
337,-0.26879072563429657,-0.10709944217393727,-0.8113230032618771,0.5079726761127523
338,-0.2835285210475418,0.026293386475307268,-0.7888464366247968,0.5446480836325531
339,-0.28547308682536654,0.15983446624440042,-0.7526548418038497,0.5713744387072122
340,-0.2746762363271892,0.2907252801076995,-0.7039645973128614,0.5869119375456343
341,-0.2515568478890347,0.41622168880018284,-0.6442487730088333,0.5902729678115608
342,-0.2168891062584313,0.5336978040707516,-0.5751981238055679,0.5807520020516799
343,-0.1717814621756377,0.6407070556935693,-0.49867715700715426,0.5579486455907409
344,-0.11764685002319998,0.7350389680700458,-0.41667638438468446,0.5217832162826324
345,-0.05616492503664644,0.8147702676586607,-0.33126196072429737,0.4725044185107219
346,0.01076271601488308,0.8783090819327241,-0.24452397111409016,0.41068887017920597
347,0.0810631885865488,0.924431160626802,-0.15852465824173048,0.3372324442394433
348,0.152547556984226,0.9523072464682788,-0.0752478777626578,0.2533335904975288
349,0.22296924526965692,0.9615209405257201,0.0034489655091057246,0.16046900395817534
350,0.2900841322354888,0.9520766413289814,0.07587931431685853,0.06036219777069863
351,0.3517107960798846,0.9243973812181076,0.1405670982700444,-0.04505428283633456
352,0.40578936882735117,0.8793126318948631,0.19628064843215298,-0.15368210887375
353,0.45043749369252256,0.8180363977143982,0.24206006681053366,-0.26330484299786233
354,0.4840019496540855,0.7421361537480059,0.27723739754441723,-0.3716388938660239
355,0.5051046147345576,0.6534934101556784,0.30144912979304245,-0.4763865166059728
356,0.5126815802012162,0.5542568893642944,0.31464075696284627,-0.5752895722785637
357,0.5060143986091566,0.446789482875403,0.31706331809716587,-0.6661827367242089
358,0.48475264504260435,0.3336103057641031,0.3092620499396342,-0.7470448590809766
359,0.44892718817433386,0.2173332853386069,0.29205747729445386,-0.8160472123340738
360,0.39895380043151735,0.10060380309045602,0.26651945985726416,-0.8715974514891477
361,0.3356269788185462,-0.013965046050703167,0.23393489090918074,-0.9123781975657074
362,0.2601040937496377,-0.1238550071237041,0.1957699027213436,-0.9373792950633901
363,0.1738802264424094,-0.2267024941320312,0.15362757122068457,-0.9459229436732592
364,0.07875428993475941,-0.3203542286517648,0.10920222497977675,-0.9376810780117452
365,-0.02321275125652883,-0.4029173294981226,0.0642315481058266,-0.9126845577729118
366,-0.12974654792433296,-0.47280263594800725,0.02044772101060508,-0.8713239302623402
367,-0.23841372967676966,-0.528760218152055,-0.020471134007978536,-0.814341732857792
368,-0.3466806300703399,-0.5699062253014613,-0.05694794451287209,-0.7428165094506392
369,-0.45197492603619166,-0.59574043991375,-0.08755089999643288,-0.6581389172475404
370,-0.5517486679638754,-0.606154139819966,-0.11103373886202919,-0.5619804934457425
371,-0.6435411383838621,-0.6014281122446494,-0.12637106544929053,-0.4562558304577104
372,-0.7250399776367158,-0.5822209107048673,-0.13278777918258894,-0.3430790691171608
373,-0.7941390542551778,-0.5495476891654438,-0.12978184808894033,-0.22471575767229235
374,-0.8489916350683859,-0.5047501828931228,-0.1171398285415708,-0.10353123694091018
375,-0.8880575233726761,-0.44945862589245,-0.09494471787723678,0.018063204014508574
376,-0.9101429801072735,-0.38554659518539686,-0.06357592186649985,0.13766510400687582
377,-0.9144324192049692,-0.3150799475249293,-0.023701319978850027,0.2529352185953852
378,-0.9005110697938989,-0.2402611600466159,0.023738387070365866,0.36165021378536066
379,-0.8683780197148878,-0.16337049923498767,0.07755266594281314,0.46175239995144746
380,-0.8184492913878594,-0.08670551961397362,0.13633090629785974,0.5513953157972804
381,-0.7515508465405097,-0.012520432859690511,0.19847820077375072,0.6289840758261435
382,-0.6689016646077183,0.05703311137989195,0.26225625175204687,0.693209525113673
383,-0.572087284554156,0.11996232978095148,0.32582837481853855,0.743075398898448
384,-0.46302443537963,0.17448526740390036,0.3873074621005868,0.7779178578111966
385,-0.3439176007835686,0.2190771017910796,0.4448056904053183,0.7974169581374245
386,-0.21720856291834092,0.2525096179874145,0.49648471129588917,0.8015998156613077
387,-0.08552014389058699,0.27388285733077905,0.5406050441536655,0.7908354264225131
388,0.04840449264431941,0.2826481417990221,0.5755734093191661,0.7658213130450968
389,0.18176550738211983,0.27862189462567377,0.5999867862177815,0.7275623660727503
390,0.31177147264119437,0.2619899113126416,0.6126720597962334,0.6773424409872579
391,0.43570429936645977,0.2333019772206874,0.6127202256955515,0.6166894485574462
392,0.5509824257886993,0.19345697253637786,0.5995142577203463,0.5473348344834995
393,0.6552207322197594,0.14367884646317866,0.5727498970351139,0.47116848005217477
394,0.7462857269609857,0.08548407391952327,0.5324487972578951,0.3901901653540922
395,0.8223446647422757,0.020641424043600934,0.47896364888753407,0.30645881783315765
396,0.8819074086009482,-0.04887493501540233,0.41297510558554884,0.2220408195548785
397,0.9238600249410368,-0.1209378010946498,0.33548053877998396,0.13895866537295903
398,0.9474893052442395,-0.19332343942244104,0.24777485078519834,0.05914125071416966
399,0.9524976314731525,-0.26377078108668967,0.15142377505809018,-0.01562297763254102
400,0.9390078400645596,-0.33004180942152783,0.04823028038632306,-0.08372885037378096
401,0.9075579856495923,-0.38998159328874576,-0.05980513097310343,-0.14379223167095626
402,0.8590861541449399,-0.441576433091136,-0.17052928724573424,-0.1946817805713503
403,0.7949057194676812,-0.483008630800261,-0.2816852984187037,-0.2355439500067703
404,0.7166716727668113,-0.5127064781918379,-0.39096441569569523,-0.26582062811879287
405,0.6263388719170687,-0.5293881758013907,-0.4960595446301977,-0.2852590139305171
406,0.5261132566614792,-0.5320985458991838,-0.5947191130378748,-0.2939135165392531
407,0.41839724632246883,-0.5202375822804193,-0.684799982467448,-0.2921396691060238
408,0.30573067818386973,-0.49358008340054266,-0.7643181121062355,-0.28058025089786914
409,0.19072875199114292,-0.45228583827329305,-0.8314957360423916,-0.2601440074355817
410,0.07601851688158859,-0.3969000710286993,-0.8848038975389512,-0.23197754548321603
411,-0.035824530294535875,-0.3283440941930216,-0.9229992953681327,-0.19743115151281046
412,-0.14233817264729368,-0.2478963665047214,-0.9451545345689825,-0.15801943508591074
413,-0.24123200945444098,-0.1571643922750462,-0.950681033842565,-0.11537782849150871
414,-0.3304413662466833,-0.05804812990933637,-0.9393440202402815,-0.07121607772040953
415,-0.4081752624772932,0.04730420854657663,-0.9112692344245583,-0.027269934848685437
416,-0.4729572714242081,0.15654689244491699,-0.8669411718234802,0.014747693722516775
417,-0.5236582867062521,0.2671927017936453,-0.8071928914652741,0.05319487606913591
418,-0.5595204138154742,0.37667287510577807,-0.7331876300559551,0.08654681286010493
419,-0.5801714282682073,0.48239949906740714,-0.6463926588619701,0.11343882796511329
420,-0.5856294787755634,0.581828798775019,-0.5485460102297467,0.1327050758867434
421,-0.5762979583105083,0.6725237611239225,-0.44161687443231096,0.1434119597087713
422,-0.5529507119962394,0.7522145367541089,-0.3277606216787062,0.14488538806740608
423,-0.5167079922155362,0.8188551174912801,-0.20926953474280027,0.13673115653523796
424,-0.4690038022170207,0.870674875207296,-0.08852044153724595,0.11884791381756493
425,-0.41154548401266833,0.9062236722818754,0.03207948848800129,0.09143236190252112
426,-0.3462665991741581,0.9244094103103411,0.15014747683940666,0.05497653703907945
427,-0.2752743174401879,0.92452706850303,0.26337907889073303,0.010257220174121257
428,-0.20079266370406554,0.9062784917850059,0.3696000400172471,-0.04168227380763302
429,-0.1251030755886201,0.8697824157605741,0.4668148209695897,-0.0995574840737335
430,-0.050483788914319615,0.815574455822356,0.5532506323047072,-0.1618747414557361
431,0.02085040468081572,0.7445970347999783,0.6273959299878714,-0.22696886003675992
432,0.08680649555536452,0.6581794715248954,0.6880324622677971,-0.29304563886589474
433,0.14546820722350695,0.5580086953755975,0.7342601181673392,-0.35822810532019733
434,0.1951461662940917,0.44609128323373326,0.7655140064329856,-0.4206053337257017
435,0.23442201914025113,0.32470772957772964,0.7815733861057744,-0.47828260414303214
436,0.2621853776712486,0.19636005233912768,0.782562271229939,-0.5294316284735966
437,0.27766265902472675,0.06371400188075349,0.768941737599174,-0.5723395652282114
438,0.2804370898867812,-0.07046272607347688,0.7414941637508257,-0.6054555706024919
439,0.27045937031297484,-0.20336477383599907,0.7012998365838408,-0.6274336913013393
440,0.24804872874032088,-0.3322143399080184,0.6497065390816484,-0.6371709924379293
441,0.21388434341016566,-0.4543257470429001,0.5882929090276582,-0.6338399296397244
442,0.16898734955531014,-0.5671677912625979,0.5188265090678071,-0.6169141153621741
443,0.11469389032129929,-0.6684223575220942,0.4432176762562782,-0.5861867918518469
444,0.05261989650514542,-0.7560378797772712,0.3634703201679454,-0.5417815031825006
445,-0.015381509890287262,-0.8282763503946754,0.2816309102935871,-0.48415465183924233
446,-0.08726890583968266,-0.883752742986737,0.19973693400483009,-0.41408982664551985
447,-0.16086650849259734,-0.9214658999097695,0.11976611491326761,-0.3326839934043455
448,-0.23392179558175047,-0.9408201461752833,0.04358765778017965,-0.24132584236206978
449,-0.3041653386035407,-0.9416371201677278,-0.027083269108253722,-0.1416667824468079
450,-0.3693713245264021,-0.9241575526558111,-0.09072668858233165,-0.0355852562969223
451,-0.42741722227044054,-0.8890329731418657,-0.14605359410957874,0.07485478221747464
452,-0.47634106949083044,-0.8373075704685061,-0.19203548055580955,0.18745023915735637
453,-0.5143949128249043,-0.7703906766411533,-0.22792691266894477,0.29990898867066024
454,-0.5400930293053425,-0.6900205730239829,-0.25328059548230547,0.4099025109115081
455,-0.5522536857556836,-0.5982205307161158,-0.26795460167411533,0.515119786691074
456,-0.5500333534566846,-0.4972481867440167,-0.2721116100915087,0.6133211414246158
457,-0.5329524832085447,-0.3895395200161567,-0.26621021215290147,0.702390728820457
458,-0.500912156432076,-0.27764882176073236,-0.2509885436029627,0.7803863750050422
459,-0.45420115590132504,-0.16418615118235208,-0.22744069307668105,0.8455855656706843
460,-0.3934932393931403,-0.05175382596631373,-0.19678652127376192,0.8965264508617163
461,-0.3198346449901886,0.05711648240442138,-0.16043569068376232,0.9320428619202946
462,-0.2346221018535148,0.1600244972488419,-0.11994685157821375,0.9512924799442962
463,-0.13957185886217574,0.25475843516175617,-0.07698305174953016,0.9537774612932637
464,-0.036680469636770754,0.3393470546225766,-0.03326453218350216,0.9393570091103903
465,0.07182171953789913,0.41210538399852864,0.009479863864087126,0.9082515759761528
466,0.18352324770635225,0.4716730186517741,0.049561406685020785,0.8610385868209616
467,0.29588909525539886,0.5170440647345239,0.08537905679990003,0.7986397780549733
468,0.4063217052307423,0.5475880178490125,0.11546466809851536,0.7223004534038905
469,0.5122239674534709,0.5630610927864569,0.13852464386454594,0.6335611541110705
470,0.6110626104469655,0.5636077603384002,0.1534769626131599,0.5342224260990093
471,0.7004304323399524,0.5497524927000499,0.1594826085717031,0.42630353480273897
472,0.7781058270850217,0.5223819641239048,0.15597058397151226,0.31199612553680156
473,0.8421081259298838,0.48271819211164246,0.1426558435196106,0.19361394979968383
474,0.8907473745482768,0.4322833305964277,0.11954967138407106,0.07353987282947742
475,0.9226673011071994,0.3728570346240482,0.08696221323861453,-0.0458285573365974
476,0.9368803964885144,0.30642750080236403,0.04549707554388141,-0.162133665672799
477,0.932794220790104,0.23513744465125913,-0.003961893718698234,-0.27311101622164385
478,0.9102282653292452,0.16122640104443448,-0.06027132927504579,-0.37664030515785274
479,0.8694209313244518,0.08697082408284275,-0.12205607247267837,-0.47079256058886265
480,0.8110264294911879,0.014623515741786802,-0.18774321041446593,-0.5538725217930465
481,0.7361016529175056,-0.053646072814952143,-0.2556015836632963,-0.6244551912447096
482,0.6460833226301397,-0.11580914760450331,-0.32378577478182125,-0.6814156980869008
483,0.5427559450839267,-0.17003102864036018,-0.39038347353834335,-0.723951778065149
484,0.42821134745165157,-0.21471939895665437,-0.45346502577635384,-0.7515983581827368
485,0.3048007644270763,-0.24856612069681783,-0.5111339139665654,-0.7642339299191214
486,0.17508063411748764,-0.27058155696031605,-0.5615768898473402,-0.7620785979013814
487,0.041753415924017656,-0.28012052856876307,-0.6031124840392911,-0.7456838963857231
488,-0.09239513377048407,-0.276899247228638,-0.6342366540172101,-0.7159146686867062
489,-0.22456070482040816,-0.26100279540448523,-0.653664399462659,-0.6739234997510607
490,-0.35198562232120323,-0.23288296283373422,-0.6603662711485696,-0.6211183745714419
491,-0.47202289730736974,-0.19334649400288448,-0.6535988237320735,-0.5591244005500169
492,-0.5821975832245471,-0.14353404393506006,-0.6329282110815728,-0.48974057615867184
493,-0.6802639488663161,-0.08489037521677918,-0.5982462913674128,-0.4148927077371911
494,-0.7642570818594804,-0.019126551407703807,-0.5497787939173514,-0.3365836680792209
495,-0.8325376743878699,0.051824914743428235,-0.4880852961900168,-0.2568422523257731
496,-0.8838289112436101,0.1258608206124857,-0.41405096226691324,-0.1776719171127556
497,-0.9172445753004538,0.20076265217743922,-0.3288701989551861,-0.1010006871845034
498,-0.9323077022708998,0.2742551749199129,-0.23402258682952032,-0.028633479872750243
499,-0.9289593497505702,0.34406674734413945,-0.13124163630803254,0.037791967165097744
