,0,1,2,3
0,-0.8760344839829004,0.0,0.4822484659102748,0.0
1,-0.8317518719643142,0.0013021252706650402,0.5497575616009954,0.07716055609031203
2,-0.7751828293891595,-0.0006633710037363544,0.6139288311634126,0.14893801135188736
3,-0.7073983731211225,-0.0066243806537091,0.6734400203501957,0.21452784965423868
4,-0.6296780262316538,-0.01717396308128144,0.7269916754421909,0.27330155892502345
5,-0.5434815127220081,-0.03274904954509031,0.7733379300531626,0.324813471125169
6,-0.45041655108601264,-0.053613406777401396,0.8113167890969202,0.3688029295585456
7,-0.3522035130849902,-0.07984533865028287,0.8398791615725378,0.4051918079411573
8,-0.25063778740693254,-0.11133048276774749,0.8581159176545066,0.43407752187647514
9,-0.1475507406080812,-0.1477599276801842,0.8652822874783004,0.4557217854067036
10,-0.044770198611182366,-0.1886337392044312,0.860818978007598,0.47053547034418614
11,0.055918619673154174,-0.23326984454893798,0.8443694590500578,0.4790600215228532
12,0.15281079950200144,-0.2808180841175837,0.8157929580544703,0.48194596458194994
13,0.2443171779688583,-0.33027910650561065,0.7751728036257746,0.47992911234279684
14,0.3289967201857531,-0.38052765570570984,0.7228198672932336,0.4738051295589
15,0.40558508019835604,-0.43033968411627926,0.6592709692839293,0.4644031525028901
16,0.4730186990639104,-0.47842262351747195,0.5852822340431922,0.4525591786230341
17,0.5304539043139747,-0.5234480613361039,0.5018175020624069,0.4390899419314697
18,0.5772805996059104,-0.5640860034270653,0.4100320232547333,0.4247679719116678
19,0.6131302676324666,-0.5990398589584831,0.3112517707413753,0.41029849805026014
20,0.6378781499650498,-0.6270812589919639,0.20694881967705253,0.39629880955220337
21,0.65163961095742,-0.6470838186487804,0.09871333104591079,0.38328061175592354
22,0.6547608355706184,-0.6580549734415369,-0.011777237153612286,0.3716358389832062
23,0.6478041494576476,-0.6591650629623154,-0.1227910012824914,0.36162629013856823
24,0.6315283804390311,-0.6497728986374429,-0.2325758648337439,0.3533773507076901
25,0.6068648003753054,-0.629447135146664,-0.3393942981311427,0.3468759555189257
26,0.5748892924433825,-0.5979828653356701,-0.44155789579163507,0.3419728335159855
27,0.5367914783440704,-0.5554129735647318,-0.5374609270942722,0.3383889617291553
28,0.4938416108157815,-0.5020139095969295,-0.6256121176018952,0.33572604353512986
29,0.4473560872813457,-0.43830568119727,-0.7046639419216495,0.33348071901980175
30,0.398662469298918,-0.3650460052222811,-0.7734387663531446,0.3310621155400741
31,0.34906489905360527,-0.28321870061970034,-0.8309512549189744,0.32781225696512106
32,0.299810788300304,-0.19401654886516118,-0.8764265410707046,0.32302877285474574
33,0.252059617397058,-0.09881898440655723,-0.9093137680383272,0.31598928598046655
34,0.206854623346912,0.0008348937425494141,-0.9292947108750341,0.30597680972932034
35,0.16509807761267647,0.10327738122466035,-0.9362873100441798,0.2923054572638168
36,0.1275307588857933,0.20674658803829585,-0.9304440670401248,0.27434575262316074
37,0.09471611541452835,0.3094234232294888,-0.9121453740754972,0.25154884056659405
38,0.06702948873783032,0.4094702832251239,-0.881987969330954,0.22346891674356537
39,0.04465263884179682,0.5050705375412309,-0.8407688237308953,0.18978324213281544
40,0.02757367319257964,0.594467882769539,-0.7894648718872682,0.1503091645848271
41,0.015592342280328908,0.676004635598265,-0.7292090961468481,0.10501764427260074
42,0.008330525764623897,0.7481580581921365,-0.6612635562481878,0.05404286706547595
43,0.005247599539211251,0.8095738540132107,-0.5869900259233857,-0.0023123718852884334
44,0.005660248406816282,0.859096038029864,-0.5078189502148187,-0.06357572517937077
45,0.008766174740491628,0.8957924706350381,-0.4252174720739046,-0.12910888883834437
46,0.013671053387520837,0.9189754473915009,-0.34065729316216153,-0.19811571872593955
47,0.019417999668103036,0.9282168544248495,-0.255583131336635,-0.26965473373684334
48,0.025018752735385986,0.9233575290079777,-0.1713825161905357,-0.34265575842242574
49,0.029485732423273736,0.9045106034395126,-0.0893576248169911,-0.41594034997342744
50,0.0318641051266427,0.8720587543100959,-0.010699803697780449,-0.4882455550605987
51,0.03126299380519163,0.8266454251365057,0.06353264925958284,-0.5582504534680486
52,0.026884988890589656,0.769160234539859,0.1324329541687267,-0.624604869997893
53,0.018053160162802007,0.700718921107894,0.1952601789859999,-0.6859595757126514
54,0.004234833458104242,0.6226383064001013,0.2514491450001517,-0.7409972557759503
55,-0.014938521225640183,0.5364068760302348,0.3006157361490584,-0.7884634951033784
56,-0.03965584413168294,0.44365168248942344,0.34255755681396605,-0.8271970254541253
57,-0.06991592270936026,0.34610235981659254,0.3772499999377379,-0.8561584887321168
58,-0.10552202588919707,0.24555310727173896,0.4048379022809088,-0.874457000908693
59,-0.14608191681002886,0.14382354519345206,0.4256230734963356,-0.8813738484528729
60,-0.19101328660154748,0.04271937011738311,0.4400480877316889,-0.8763827133405432
61,-0.23955451184819854,-0.0560062625611579,0.44867681812203214,-0.8591659020742098
62,-0.29078050047685555,-0.15068972157705582,0.4521722735403215,-0.829626146764213
63,-0.3436232585044657,-0.23979138523472449,0.45127236138095345,-0.7878936499526086
64,-0.39689668670010436,-0.32192683070328865,0.4467642483795032,-0.7343281569773235
65,-0.4493250048849012,-0.39589401256025963,0.43945802234838527,-0.6695159575378065
66,-0.49957410514099343,-0.4606958172296224,0.4301603704992072,-0.5942618388485768
67,-0.5462850560846998,-0.5155574959443968,0.4196489844497341,-0.5095761333936141
68,-0.5881089206060148,-0.5599386066806764,0.408648378260974,-0.416657121860178
69,-0.6237420106297964,-0.5935392319712286,0.3978077645595399,-0.3168691634454901
70,-0.6519606855361166,-0.6163003812132074,0.38768157605506726,-0.21171702864718112
71,-0.6716548063626329,-0.6283986295114495,0.37871314705835823,-0.10281700133373256
72,-0.6818589857156071,-0.6302351866834751,0.371221983815339,0.008134604915598975
73,-0.681780822795032,-0.622419726282558,0.3653949557955766,0.11939480843999889
74,-0.6708253829074681,-0.6057494319971645,0.36128163498594745,0.22920844553384695
75,-0.6486152695985693,-0.581183834406821,0.3587938994248713,0.3358429996341373
76,-0.6150057429152913,-0.5498161119645565,0.3577098034986061,0.4376229834987856
77,-0.5700944567172377,-0.5128416137544405,0.3576816038088361,0.5329630943308904
78,-0.5142255184558903,-0.4715244259919273,0.3582477186102314,0.6203993906930589
79,-0.44798771320749653,-0.42716284783089475,0.3588482937340468,0.6986177870139585
80,-0.372206876557679,-0.38105466377282365,0.3588439512411802,0.7664792253660712
81,-0.2879325446558901,-0.33446309934633617,0.35753721125529275,0.8230409634224879
82,-0.19641915082054162,-0.28858432380512233,0.3541960047094298,0.8675735101377602
83,-0.09910217297791135,-0.24451731900218246,0.3480786369647446,0.899572844469978
84,0.002430238395284945,-0.2032368685030205,0.3384595209174297,0.9187676648221639
85,0.10646950940618394,-0.16557033707686017,0.3246549743763281,0.9251215350751312
86,0.21122202923791078,-0.13217881009940596,0.3060483708037812,0.9188299142135479
87,0.31484685486234193,-0.10354304767562439,0.28211394514402827,0.9003121776454033
88,0.41549485529065333,-0.07995458236003869,0.25243858713241113,0.8701988564191647
89,0.5113483785058467,-0.061512155407027924,0.21674100244515287,0.8293144327670265
90,0.600660508392988,-0.04812354791484963,0.17488768613680328,0.7786561340096662
91,0.6817929859183712,-0.039512723537760475,0.12690523143608018,0.7193692593274299
92,0.7532518983638468,-0.03523206215969535,0.07298858817748105,0.6527196529928408
93,0.8137202918933382,-0.034679332516171085,0.013504986662993101,0.5800640014623256
94,0.8620869348679889,-0.0371189295346179,-0.051006647960888885,0.5028186787142204
95,0.8974705503757474,-0.041706792220422784,-0.11984085139662926,0.42242789328767866
96,0.9192389441732878,-0.04751832301989735,-0.1921352900460452,0.34033190096063226
97,0.9270225760122764,-0.05357855213605987,-0.2668847733617459,0.257936038703814
98,0.9207222551498979,-0.05889373221287894,-0.3429593249727962,0.1765813087275304
99,0.9005107814629358,-0.062483511604710676,-0.41912592328601794,0.09751719682291458
100,0.8668284985407726,-0.0634128190511297,-0.49407342586302033,0.021877347954438353
101,0.8203728708631582,-0.06082259937561499,-0.5664401070888815,-0.04934135423831848
102,0.7620823400928318,-0.053958568653638725,-0.634843167643262,-0.1152958467775608
103,0.6931148521200688,-0.0421972074310957,-0.6979095188803734,-0.17530972851429638
104,0.6148215734326824,-0.025068280761024797,-0.7543071068571232,-0.22888163466359984
105,0.5287164295372796,-0.0022732623031669896,-0.8027760204333063,-0.27568901035970717
106,0.4364421967302288,0.026300855725527317,-0.8421586261707941,-0.31558726569289536
107,0.33973395910068505,0.06057276697907765,-0.8714279897845465,-0.34860441126631986
108,0.24038080328060293,0.10026334156591521,-0.889713879286103,-0.37493138673347104
109,0.14018666267044874,0.14489753887348833,-0.89632569789169,-0.39490840221082296
110,0.04093123972784407,0.193811739209501,-0.8907717639869844,-0.4090077112261412
111,-0.0556680709726918,0.2461663510218749,-0.8727744392870951,-0.41781332150357686
112,-0.14799236463610646,0.30096341387091574,-0.8422807027759758,-0.42199822422823496
113,-0.23455466907871456,0.35706878741375814,-0.7994678747114263,-0.42229978163934273
114,-0.3140298752645784,0.4132383967095132,-0.7447443093391575,-0.4194939554191527
115,-0.3852804718548695,0.46814789720402206,-0.6787449941782753,-0.4143690833407745
116,-0.447377506118588,0.5204250315237737,-0.602322114902368,-0.4076999184230101
117,-0.49961631343586405,0.5686838770265406,-0.5165307649752674,-0.4002226332841295
118,-0.5415266883546,0.6115601297999085,-0.422610095359745,-0.39261146282151027
119,-0.5728773084740898,0.64774653884965,-0.32196030894750904,-0.385457611555677
120,-0.5936743648796068,0.6760275944282728,-0.21611600417149368,-0.379250989184293
121,-0.6041544958943175,0.695312587117111,-0.10671646010118901,-0.37436526071560616
122,-0.6047722609949974,0.7046661891294035,0.0045264709740651665,-0.371046607974474
123,-0.5961825253797446,0.7033357655284133,0.11586213971571521,-0.3694064995920986
124,-0.5792182495685064,0.6907746993002101,0.22553578052382012,-0.36941865935143336
125,-0.5548642894976096,0.6666611086306133,0.3318233107974141,-0.37092031070184844
126,-0.5242279080982163,0.6309114449990673,0.43306545942938657,-0.3736176612385611
127,-0.48850677697813755,0.5836885841101497,0.5277004511976802,-0.3770954778722307
128,-0.44895530465919187,0.5254041551954789,0.6142945082180961,-0.3808304941765871
129,-0.4068501644577528,0.45671499453909303,0.6915694818841016,-0.38420828878410385
130,-0.3634559096653897,0.3785137527380375,0.758426997451495,-0.3865431803229493
131,-0.319991555873534,0.2919138286494901,0.8139685769413522,-0.3871006026408381
132,-0.2775989803350941,0.19822894263970514,0.857511302280894,-0.3851213560390898
133,-0.2373139369650853,0.09894779417141064,0.8885986872140194,-0.37984707769346354
134,-0.2000404142831381,-0.004295629346253105,0.9070065408729355,-0.370546238728262
135,-0.16652897412444584,-0.10975541720131937,0.9127437252025078,-0.35653995747387784
136,-0.13735960357749427,-0.21561000621980908,0.9060478297437654,-0.3372269187647109
137,-0.11292949402777416,-0.3200005170224529,0.8873759076395923,-0.3121067077536195
138,-0.09344603240672258,-0.4210702618396426,0.8573905331788595,-0.28080090319834783
139,-0.07892515402783729,-0.5170044986964304,0.8169415508996338,-0.24307132863222763
140,-0.0691950671720355,-0.6060694979950902,0.7670439865529752,-0.19883492895353133
141,-0.06390522038213678,-0.6866500015264217,0.7088526786481458,-0.14817482304704535
142,-0.0625402477594659,-0.757284190411194,0.6436342637168085,-0.09134717802521253
143,-0.0644384988502763,-0.8166953365321399,0.5727372070566843,-0.028783655179410117
144,-0.06881464121588551,-0.8638193902522922,0.4975606121470019,0.03891071084403008
145,-0.07478571848959827,-0.8978278537156048,0.41952256519950754,0.11096422257129374
146,-0.08139995729410894,-0.9181454014263601,0.34002877590286473,0.18644972606616067
147,-0.08766754508399488,-0.9244618353473333,0.26044226128138914,0.26430010416914507
148,-0.09259254959152104,-0.9167380973597411,0.182054787133295,0.3433277371422747
149,-0.09520512039162447,-0.8952062042589531,0.1060607316047402,0.42224750812640727
150,-0.0945931049302824,-0.8603631160207572,0.033533969391906455,0.49970283768208024
151,-0.08993222539375291,-0.8129586932859534,-0.03459170545863758,0.5742941509017706
152,-0.08051399868896997,-0.7539780413085188,-0.09753819310730957,0.6446091142118959
153,-0.06577063866283508,-0.6846186715240656,-0.15469441576472479,0.7092539287319574
154,-0.04529625608715243,-0.606263035134692,-0.20562314816268673,0.7668849342329158
155,-0.018863765961310786,-0.5204470926528848,-0.25006325406567176,0.816239763212381
156,0.013562979023289734,-0.42882567652029097,-0.2879273490682626,0.8561672888025162
157,0.05182218819989859,-0.33313547844327485,-0.3192950255850558,0.8856556331041892
158,0.09555249389439963,-0.23515654715539866,-0.3444018875303933,0.9038575435908103
159,0.14419676428546957,-0.13667321462426968,-0.36362474691512053,0.9101125034877738
160,0.19701131867133476,-0.039435378503345886,-0.37746342984244485,0.9039650161202331
161,0.2530803563652716,0.0548789443165201,-0.3865197227934183,0.8851785913500341
162,0.31133527549763096,0.14469891351725445,-0.3914740595846322,0.8537450622580912
163,0.37057843081424197,0.22859318776117524,-0.3930606032392853,0.809888969739438
164,0.42951076334733196,0.3052985277205144,-0.3920414139166243,0.7540668689942099
165,0.48676263254235363,0.37374402861875505,-0.38918041310076135,0.6869615321770068
166,0.540927095653322,0.4330704417309222,-0.38521785501579797,0.6094711427656556
167,0.5905948121616122,0.48264416776877556,-0.380845998728601,0.5226936965556306
168,0.6343897043535841,0.5220656383886619,-0.3766866391027772,0.42790693865075957
169,0.671004480226986,0.5511719418760979,-0.3732711026044411,0.3265442725945563
170,0.6992351222612014,0.5700336918967461,-0.37102324628433125,0.22016717424621718
171,0.7180134654007012,0.5789462805019063,-0.37024591681357394,0.11043472678085325
172,0.726437029423037,0.5784157948007114,-0.3711112333208322,-0.0009290377746720146
173,0.7237953337004713,0.5691400074297601,-0.37365495534905835,-0.11216925246861958
174,0.709592004700073,0.5519849709244956,-0.3777750881371504,-0.2215350119556393
175,0.6835620863949756,0.5279578523588316,-0.3832347644200124,-0.32731406250867606
176,0.6456840786344418,0.49817673454962236,-0.3896693279126461,-0.42786659911188935
177,0.5961863556192942,0.4638381815115966,-0.3965974315082258,-0.5216574048803284
178,0.5355477528211511,0.42618341695325745,-0.4034358558378394,-0.607285608084577
179,0.46449225260664984,0.3864639941914271,-0.4095176539520521,-0.68351138949078
180,0.3839778429732001,0.345907843237405,-0.41411313804543987,-0.7492790461441278
181,0.29517976660236855,0.3056865658339861,-0.4164531466552206,-0.8037359053185058
182,0.19946851535168042,0.2668848123218783,-0.41575396761501016,-0.8462466819714498
183,0.09838305491317328,0.23047251635737226,-0.41124324486412117,-0.8764029822310533
184,-0.0064001175516466,0.19728068618562342,-0.4021861672301695,-0.8940277715161652
185,-0.11310137637364953,0.16798135637633982,-0.3879112253136167,-0.899174746002154
186,-0.21987503793557006,0.14307219406925314,-0.3678348289494198,-0.8921226673438971
187,-0.3248482384642532,0.12286613164832344,-0.34148410228414666,-0.8733648398851632
188,-0.4261607122191284,0.10748626646515086,-0.30851721570756707,-0.8435940240982737
189,-0.522004538833331,0.09686613109013167,-0.26874067269217317,-0.8036831869125978
190,-0.610662926848473,0.09075529805530139,-0.22212304357831533,-0.7546625862988409
191,-0.6905471215234141,0.08873014469390778,-0.16880472566890056,-0.6976937716291983
192,-0.7602305682943229,0.09020946997563808,-0.10910340749918379,-0.6340411508961155
193,-0.8184795277679389,0.0944745295616278,-0.04351502237294402,-0.5650418291744129
194,-0.8642794222681376,0.10069294083509514,0.027289910468621448,-0.49207445848819226
195,-0.8968562956680118,0.10794580929367974,0.10247454218649843,-0.41652785666777625
196,-0.9156928850300843,0.11525734395568471,0.1810484165412461,-0.3397701514810677
197,-0.920538931578531,0.12162616445189342,0.2618844121374924,-0.2631191863934999
198,-0.9114154965688633,0.12605745789401285,0.3437395502482019,-0.18781488630722043
199,-0.8886131913095994,0.12759512056237968,0.4252792133379139,-0.11499422655909577
200,-0.852684376394359,0.12535301853085185,0.5051042297729014,-0.04566937774588155
201,-0.8044295295379561,0.11854452257985482,0.5817802036330151,0.019290485592237727
202,-0.7448781207300275,0.10650951561686828,0.6538684069787472,0.0791733206063855
203,-0.6752644643035779,0.08873813425885738,0.7199575069619972,0.13343400970563715
204,-0.5969991367531287,0.06489058864876318,0.77869537297458,0.18169963766837652
205,-0.5116366538070602,0.03481250391314583,0.8288202003377798,0.22377019364618977
206,-0.420840187802789,-0.0014546595692800368,0.8691901971260632,0.2596147559666104
207,-0.3263441746989324,-0.04366842458425679,0.8988111093963114,0.2893633320933637
208,-0.22991570743090575,-0.09138553792194648,0.9168609067094701,0.3132946355799082
209,-0.13331563764032672,-0.1439676785604488,0.9227110132849314,0.3318201836133027
210,-0.038260310495946206,-0.20059253772804414,0.9159435489016231,0.34546519024943084
211,0.05361516265230158,-0.26027003696378215,0.896364135854302,0.35484680940768143
212,0.14079123114910755,-0.3218633173410561,0.8640099316529595,0.36065034616200986
213,0.22189503195252253,-0.38411400888191904,0.8191526592037051,0.3636041032427256
214,0.29572759970071333,-0.44567117701271763,0.7622965241969905,0.3644535607626061
215,0.3612865429814258,-0.5051232455387351,0.6941710304713824,0.3639356002526324
216,0.41778368465365623,-0.561032115525612,0.6157188252558368,0.3627534788415476
217,0.46465729083291757,-0.6119686387164968,0.5280788244532976,0.361553236007243
218,0.5015786487091618,-0.6565485642546548,0.4325649806142341,0.36090217439141964
219,0.5284528943335347,-0.6934680595682859,0.3306411602007027,0.36126999876856847
220,0.5454141343713796,-0.7215379108085802,0.2238926896090937,0.3630131248777585
221,0.5528150470156653,-0.739715535153187,0.11399520892266085,0.3663625843188468
222,0.5512112832762266,-0.7471339859772415,0.0026815365528493618,0.3714158552733726
223,0.5413411173279273,-0.7431272011897264,-0.10829270477451688,0.3781328438984057
224,0.524100910355579,-0.727250833256317,-0.21718392098443304,0.386336130536957
225,0.5005170535126195,-0.6992981044287291,-0.32229504838256506,0.39571548121537126
226,0.47171513971867496,-0.6593102499017665,-0.4220089424979432,0.4058365111549535
227,0.4388871789937922,-0.6075812420930866,-0.5148198997234487,0.41615327611377734
228,0.40325771627945056,-0.5446566277721316,-0.599362602900777,0.42602446212509737
229,0.366049733165528,-0.47132645293551256,-0.674437844458053,0.43473274730050937
230,0.32845121511018327,-0.3886123945973965,-0.7390344586279868,0.44150682329762303
231,0.29158324364799754,-0.2977493604650336,-0.7923469857308624,0.4455454910215026
232,0.25647042932999187,-0.20016195328904096,-0.8337886942452182,0.44604318701629786
233,0.22401443686815764,-0.09743632314639988,-0.8629996978810226,0.4422162553136376
234,0.19497127082189347,0.00871195510817635,-0.8798500223717186,0.4333292553299074
235,0.16993289029011113,0.11647324333282777,-0.8844375973252211,0.41872059039743165
236,0.1493136070046814,0.2239816237682502,-0.8770812692580457,0.39782675386917427
237,0.13334159585721742,0.32935422704772954,-0.8583090499199084,0.37020452018530065
238,0.1220557134107759,0.43073118696011714,-0.8288419263098383,0.3355504561086369
239,0.1153076817330414,0.5263152869587904,-0.7895736626466019,0.2937171913621557
240,0.11276955543533548,0.6144103687688671,-0.7415471174550292,0.2447259665633335
241,0.11394625264015798,0.6934576014706921,-0.6859276786112342,0.18877506770435812
242,0.11819279919671338,0.7620687594546351,-0.6239744837298143,0.12624385820874162
243,0.12473581314095505,0.8190557284338085,-0.55701014112974,0.05769222927268697
244,0.13269864624656003,0.8634555485341635,-0.4863896966539819,-0.016144595960987163
245,0.1411295043216309,0.8945504101532895,-0.41346960315654696,-0.09436585171596107
246,0.14903179008160572,0.9118821391698515,-0.33957744228543346,-0.17591944320901642
247,0.15539585394389743,0.9152608402241811,-0.26598312252248163,-0.25962030248492185
248,0.15923130042924372,0.9047675069278676,-0.19387223399237924,-0.34417249782332404
249,0.159598981980629,0.8807505525503022,-0.12432218046430821,-0.42819461063596376
250,0.15564181833589763,0.8438163604151844,-0.058281633795234676,-0.5102478078766458
251,0.14661360797070527,0.7948140963387641,0.003446232270255728,-0.5888659658208659
252,0.1319050478637298,0.734815162438473,0.06021637127074313,-0.6625871444795567
253,0.11106624768923112,0.6650877991724391,0.11155010612869286,-0.7299856723517758
254,0.08382511276898175,0.5870674574105601,0.1571388474384291,-0.7897040797314461
255,0.05010107450844081,0.5023236618724632,0.1968432673038551,-0.8404841159553681
256,0.010013764986529006,0.412524168967451,0.23068802407542577,-0.8811961019413794
257,-0.036113639095099126,0.3193972839492511,0.25885224628987924,-0.9108659037793828
258,-0.08775654199455468,0.22469324286031206,0.28165609120200535,-0.9286988652081358
259,-0.14419652308215092,0.13014558302170415,0.29954379183340046,-0.9341001053019051
260,-0.20453425831524025,0.03743342141375325,0.3130636939858672,-0.9266906709601723
261,-0.26770749060258764,-0.0518544666595583,0.32284585899418355,-0.9063191298284664
262,-0.332513639999315,-0.13625292501250014,0.32957786727785976,-0.8730682957481156
263,-0.3976365239061577,-0.2144502758795141,0.33397950052751835,-0.8272568931465105
264,-0.4616765495936604,-0.28531407501507816,0.33677700558089074,-0.7694360861472218
265,-0.5231836491703356,-0.3479121813090572,0.338677650100894,-0.7003809196856506
266,-0.5806921529119229,-0.4015286783761806,0.34034526891749173,-0.6210768405869537
267,-0.6327567425681192,-0.44567431530250007,0.34237747065160673,-0.5327015834446538
268,-0.6779885932703669,-0.48009127119264505,0.34528512777222203,-0.4366028163665683
269,-0.7150908018548232,-0.5047521899240776,0.3494747107502388,-0.33427204252750486
270,-0.7428922111121978,-0.5198535740414694,0.35523395007154457,-0.22731534251279828
271,-0.7603787734421845,-0.5258037664644616,0.36272122052750916,-0.11742161747045005
272,-0.7667216528306525,-0.5232058821587172,0.3719589426972572,-0.00632905227427466
273,-0.7613013396519658,-0.5128361758176793,0.38283118941293925,0.1042094402129681
274,-0.7437271466924595,-0.49561844284904844,0.3950855729889683,0.21246100912062826
275,-0.7138515647009301,-0.4725951468037272,0.4083393749550065,0.3167471004649469
276,-0.6717790790034883,-0.44489604446272146,0.42208976686817395,0.41547636195073867
277,-0.6178691822436715,-0.41370513819355503,0.4357278613793568,0.5071754756329994
278,-0.5527334588345638,-0.3802268224804297,0.44855622988454913,0.5905172271686716
279,-0.4772267607705558,-0.34565210683107334,0.459809429433771,0.664345187723576
280,-0.39243263848268845,-0.3111257902280522,0.468676999496492,0.7276944668275627
281,-0.29964333087021766,-0.2777154331438198,0.4743283208017166,0.7798080895606059
282,-0.20033475202444878,-0.2463829226516258,0.47593867554803404,0.8201486570582965
283,-0.0961370351725726,-0.21795935564690272,0.47271581219071157,0.8484050628438575
284,0.011198696042764023,-0.19312387645623108,0.46392629971285415,0.8644941561307404
285,0.11983656539078993,-0.1723870004186226,0.44892095628254,0.8685573640769942
286,0.22789435245864814,-0.15607883704106174,0.42715865553372073,0.8609524050422229
287,0.33348317847708564,-0.14434249805277705,0.39822784996988564,0.8422403412548385
288,0.4347475434825434,-0.13713284036313705,0.3618652043088547,0.8131683290932714
289,0.5299047783455171,-0.13422055499370877,0.3179708006659715,0.774648525737713
290,0.6172829876182182,-0.13520147402258706,0.26661946061581177,0.7277336998107091
291,0.695356594098191,-0.13951083196553876,0.20806782432534754,0.6735901686403709
292,0.7627786526189515,-0.1464420892546487,0.14275693175743998,0.6134687441416677
293,0.8184091774820661,-0.1551698068168617,0.07131016279631458,0.548674411602646
294,0.8613388232501701,-0.16477595520517369,-0.005473490739194564,0.4805354898936809
295,0.890907369987154,-0.17427895196538168,-0.08663073075293126,0.4103730272491525
296,0.9067165887225053,-0.1826646492063697,-0.17104962985900168,0.33947117372589497
297,0.9086371978642818,-0.18891844150268522,-0.2574893619430981,0.2690492401098416
298,0.8968097631700194,-0.1920576336155244,-0.34460356440739204,0.20023610426358635
299,0.8716395392166418,-0.19116319885976227,-0.4309668159810554,0.13404756095899925
300,0.8337853955145095,-0.1854100725059855,-0.5151036320384469,0.07136713179634205
301,0.7841431119181702,-0.17409516006316747,-0.5955193117960674,0.012930759908401687
302,0.7238234623201064,-0.15666229676517796,-0.6707319202836768,-0.04068428787339404
303,0.6541256294779897,-0.13272347067877804,-0.7393046539356036,-0.0890660982650488
304,0.5765066041843534,-0.10207571566369153,-0.7998778229241417,-0.13197026937045103
305,0.4925473161420855,-0.06471318960175865,-0.8511996864044945,-0.16931756647698293
306,0.4039163195635986,-0.020834075138661257,-0.8921553986410875,-0.2011872082883877
307,0.3123319118309293,0.029157928405361522,-0.9217933640539833,-0.22780602724507204
308,0.21952359720808684,0.0846576155976323,-0.9393483566246178,-0.24953385200564313
309,0.12719381879453032,0.1448677410373585,-0.944260832463321,-0.2668455552241309
310,0.036980870414862796,0.20881375436282404,-0.936191951902374,-0.2803102930780174
311,-0.04957613371614131,0.2753634817969687,-0.9150339271183067,-0.2905685325028484
312,-0.13106940904896044,0.3432513039439145,-0.8809154205856464,-0.29830751604136885
313,-0.20625102337003137,0.4111062624602003,-0.8342018359594268,-0.304235851284397
314,-0.2740571385336678,0.4774834249730452,-0.775490463437578,-0.3090579311587339
315,-0.33362742704431964,0.5408977508251198,-0.7056005633239758,-0.31344889234610496
316,-0.3843192416642518,0.5998596321042954,-0.6255585914219612,-0.3180308018989435
317,-0.42571624857986146,0.6529112367166685,-0.5365788851023725,-0.3233507271160764
318,-0.457631373676633,0.6986627542236952,-0.4400402365876146,-0.3298612918657088
319,-0.4801040536725595,0.735827641491434,-0.33745887753714,-0.3379042551310993
320,-0.49339192569341256,0.7632559840369828,-0.2304584840210961,-0.34769756633455784
321,-0.49795722680502374,0.7799651298880752,-0.12073788134733435,-0.3593262590447362
322,-0.4944483056146393,0.7851668148284439,-0.010037182242006115,-0.3727374423633999
323,-0.48367676807018667,0.7782900795893591,0.0998968717427702,-0.38773954023026097
324,-0.46659088604631926,0.7589993788797202,0.20734557789300012,-0.40400581585781
325,-0.4442459875758677,0.7272073966958118,0.31065216251161376,-0.4210821043935515
326,-0.41777261943900146,0.6830822093076259,0.40825412713036385,-0.4383985646138851
327,-0.38834332449817827,0.6270485735591217,0.4987133227739757,-0.4552851528469994
328,-0.35713890641039514,0.5597832602898832,0.5807430802603405,-0.47099042214990305
329,-0.32531506244232644,0.4822044972766732,0.6532317965608743,-0.48470315958960575
330,-0.2939702508984804,0.3954557295344708,0.7152624635758121,-0.4955762966128435
331,-0.264115623545781,0.30088404356092213,0.766127724165373,-0.5027524639369128
332,-0.23664779632800567,0.20001373272106304,0.8053401484872397,-0.5053905148008198
333,-0.21232515508298955,0.09451560021571731,0.8326375389540831,-0.502692310026059
334,-0.1917482988650537,-0.013827299000151227,0.8479831916019444,-0.4939290459623712
335,-0.1753451142339949,-0.1231566879885782,0.8515611624112629,-0.47846641239561444
336,-0.16336085227765124,-0.23157801104919357,0.8437667061796388,-0.45578789177026413
337,-0.15585344927328532,-0.33720038410200215,0.8251921699886885,-0.4255155530652718
338,-0.15269419508109083,-0.43817661992886997,0.7966087303341232,-0.38742775235094257
339,-0.15357371406567263,-0.5327423926442004,0.7589444599855761,-0.34147322601487745
340,-0.1580130850844919,-0.6192536252231049,0.7132592952493187,-0.2877811500612365
341,-0.16537979336445016,-0.6962212256906377,0.6607175444745053,-0.2266668376012207
342,-0.17490808129242016,-0.7623423606486683,0.6025586326836871,-0.15863285421875323
343,-0.1857231504564539,-0.8165275376407688,0.5400668138380468,-0.08436544464207157
344,-0.1968685665952467,-0.8579228683965661,0.47454060061760417,-0.004726281247088071
345,-0.2073361349958245,-0.8859270007821698,0.4072626613133029,0.07926033755989514
346,-0.21609744845831935,-0.9002023354638303,0.3394709145629662,0.1664245960218993
347,-0.22213626488700716,-0.9006802807132923,0.2723315157497312,0.2554722240982938
348,-0.22448084802156787,-0.8875604420627504,0.20691437490297027,0.3450090607729156
349,-0.2222354034041147,-0.861303789129434,0.14417177630276307,0.43356857268809773
350,-0.21460976244177954,-0.8226199862925384,0.08492058648427203,0.5196417054162512
351,-0.2009465098693101,-0.7724492134696218,0.0298284421037667,0.6017083818787687
352,-0.18074481299395284,-0.7119389345775196,-0.02059579541087604,0.6782699161984124
353,-0.1536802932485969,-0.6424161911522908,-0.06600714269172896,0.7478815828231649
354,-0.1196203797409209,-0.5653561041072033,-0.1062250940369031,0.8091845708466125
355,-0.07863469818963204,-0.4823473551497354,-0.14122977303930728,0.8609365623714358
356,-0.031000174038680106,-0.39505548880288427,-0.1711538054486325,0.9020402013528797
357,0.022799337504466166,-0.30518492460244107,-0.1962701915771718,0.9315687649889399
358,0.08207894260913579,-0.21444059570891516,-0.21697655805619717,0.9487884123166019
359,0.14596402838922568,-0.12449013426267232,-0.23377626009507704,0.9531764627305943
360,0.21340677913177158,-0.03692750526795573,-0.24725688430362583,0.9444352487808532
361,0.2832075237404341,0.04676104987864845,-0.25806676663711087,0.9225011906054797
362,0.3540404239757509,0.12522796084352694,-0.2668901885086594,0.8875488512143155
363,0.4244828999634141,0.19729144866376386,-0.2744219453838723,0.8399898498282788
364,0.4930480910575048,0.26195819945533116,-0.2813419954634538,0.7804666317218893
365,0.5582195689858941,0.3184410856982248,-0.28829089105996164,0.7098412145489973
366,0.6184874583417866,0.3661715549951314,-0.29584667213603566,0.6291791499822621
367,0.6723850785121543,0.40480644085715684,-0.3045038608019196,0.5397290527584115
368,0.7185252021226324,0.43422909029105505,-0.31465513842143134,0.4428981541219418
369,0.7556350285574513,0.4545448452406487,-0.32657621481410026,0.34022443063341146
370,0.7825889970479001,0.4660710557178759,-0.34041431371325664,0.23334594005620599
371,0.7984386116207747,0.4693219382349423,-0.3561806023231094,0.12396806158538598
372,0.8024385187205383,0.46498872053817597,-0.37374678796840877,0.01382938643439785
373,0.7940681659093979,0.45391562947921543,-0.39284599411978294,-0.0953329644342018
374,0.773048474574737,0.43707238026641515,-0.4130779143265504,-0.20181780660175952
375,0.7393530784772373,0.4155239098102271,-0.4339181286957277,-0.30399336063712257
376,0.6932138103371012,0.3903981623276656,-0.4547313564238775,-0.40032896659372463
377,0.6351202572748037,0.36285278020026135,-0.47478831235399915,-0.48942433240713384
378,0.5658133493818589,0.33404157620133634,-0.49328573828843203,-0.5700356650521471
379,0.48627309045762046,0.30508166408222903,-0.509369093331312,-0.6410981098836968
380,0.39770068243559126,0.2770221031518151,-0.5221573140797394,-0.7017440138032102
381,0.3014954317150486,0.2508148694749559,-0.5307689969263634,-0.7513166295291227
382,0.19922695312970307,0.22728890277189673,-0.534349312598882,-0.7893789887934122
383,0.09260330246707632,0.2071278956558342,-0.5320969384525908,-0.8157177890071758
384,-0.016564231553092446,0.19085239260539583,-0.5232902876212654,-0.8303422579581867
385,-0.12639886260731129,0.17880665256025435,-0.5073123261300376,-0.833478081468438
386,-0.23499769355537892,0.17115060413458114,-0.48367329923234376,-0.8255565966896066
387,-0.3404718374947775,0.16785708933296178,-0.4520307358425415,-0.8071995659607663
388,-0.44098633685048483,0.16871445369975613,-0.4122061638495449,-0.7791999501465744
389,-0.5347989480119844,0.17333440152939592,-0.36419804775543096,-0.7424991935772396
390,-0.620296885474775,0.18116489763796836,-0.30819055155440256,-0.6981616128567307
391,-0.6960306679482432,0.19150776571677972,-0.24455783179438073,-0.6473465469543493
392,-0.7607442782658879,0.20354051078429802,-0.17386367582023027,-0.5912789745844643
393,-0.8134009374738256,0.21634178282669803,-0.09685641555124264,-0.5312193357612598
394,-0.8532038989999137,0.22891980316702548,-0.014459164926361567,-0.46843330688471163
395,-0.879611788721802,0.2402429968539183,0.07224445357865539,-0.4041622725235433
396,-0.8923481481038216,0.2492720154018996,0.1620288141277451,-0.33959521243019475
397,-0.8914049771256513,0.25499229605211227,0.2535486376201652,-0.27584267992943634
398,-0.8770402180437628,0.25644628733665165,0.3453647013818378,-0.2139134887856013
399,-0.8497692665570231,0.2527644765569892,0.435972336050486,-0.1546946515064159
400,-0.8103507401103784,0.2431943827034505,0.5238320638463014,-0.09893502469087459
401,-0.7597668703458076,0.2271267276696946,0.6074016745504841,-0.047233018707903474
402,-0.6991990147261661,0.20411806813558028,0.6851689946628683,-2.86222053313967e-05
403,-0.6299988979754643,0.17390925847743058,0.7556845824410443,0.04240012059457404
404,-0.5536562943696404,0.1364392193254243,0.817593577451503,0.07993615730573303
405,-0.4717639446235049,0.09185360431956896,0.869665948042857,0.11261809242522954
406,-0.38598056414392684,0.04050808627146052,0.910824413468105,0.14063067545966046
407,-0.29799284123612946,-0.01703387990337929,0.9401693684648569,0.1642914243283742
408,-0.20947734346696345,-0.08000881987082231,0.9570002057364086,0.18403379455246663
409,-0.12206324736644408,-0.14746638975228865,0.9608325143375943,0.2003873921370351
410,-0.03729678110831054,-0.21828763691040465,0.9514107274629724,0.21395580235040867
411,0.043391777567809126,-0.2912079639574757,0.928715899243556,0.22539266593986945
412,0.1187177739217484,-0.364844266634594,0.8929684043011474,0.2353766772192725
413,0.18756783186949233,-0.4377256073680392,0.8446254732033944,0.24458620385867652
414,0.2490209088898414,-0.5083266930446485,0.7843735986943262,0.2536742354778705
415,0.3023642839646988,-0.5751033502313152,0.7131159686702726,0.26324435713361133
416,0.34710414107139625,-0.6365291356200046,0.6319551993695494,0.2738284147924154
417,0.382970547360076,-0.6911321853416282,0.5421717532729923,0.28586649365134814
418,0.4099167662195061,-0.7375313948616751,0.4451985280569136,0.29968976789589263
419,0.4281129874319804,-0.7744710317976593,0.34259219311098016,0.3155067037603891
420,0.4379346959945791,-0.800852916971812,0.23600192642857265,0.33339300854078746
421,0.43994603446280545,-0.8157653635627059,0.12713626523624852,0.3532856187755693
422,0.43487863753351624,-0.8185081390400346,0.017728827079041942,0.37498091369110426
423,0.4236065289467105,-0.8086128078446272,-0.09049631682924436,0.3981372279298813
424,0.40711776688691415,-0.7858579222361236,-0.1958588279454789,0.42228162339788944
425,0.38648360252590847,-0.7502786516946366,-0.2967550711358209,0.4468207666895551
426,0.36282597523617616,-0.702170574711563,-0.3916891259343538,0.4710556488653216
427,0.3372842058772047,-0.6420874974567411,-0.4793011437180761,0.4941997811675666
428,0.31098176550210127,-0.5708333081999528,-0.5583924221015393,0.5154004062030546
429,0.28499399048757856,-0.4894480209331437,-0.6279466487519358,0.5337621816050684
430,0.26031758665373006,-0.3991883028176749,-0.687146860704019,0.5483727243371357
431,0.23784271516264957,-0.30150291437937193,-0.7353877697878825,0.5583293503938458
432,0.2183283831535907,-0.198003615473908,-0.7722832173840031,0.5627663080851741
433,0.20238177397606175,-0.0904322008739265,-0.7976686396075946,0.5608817843306857
434,0.19044204776821239,0.01937557585551203,-0.8115985442890051,0.5519639629632296
435,0.18276902564352146,0.12952835507513735,-0.8143391207965346,0.5354154320125403
436,0.179437042877171,0.23811890907495092,-0.8063562198989415,0.5107752729084982
437,0.18033412146640215,0.3432643395196341,-0.7882990506367206,0.47773821766144
438,0.18516647369768094,0.4431457964764309,-0.7609800418758743,0.4361703290576192
439,0.1934682094007202,0.5360467919711631,-0.7253514053975487,0.38612074206976266
440,0.2046159839237646,0.6203892143864467,-0.6824790128653135,0.32782909998086845
441,0.2178481949595061,0.6947662051295741,-0.6335142589835451,0.26172842380464345
442,0.23228821745238643,0.7579711345010492,-0.5796646261842618,0.18844326585646815
443,0.24697105993751478,0.8090220077301595,-0.5221636912430854,0.1087831149995444
444,0.2608727354862858,0.847180742393689,-0.46224132076935476,0.02373113926012982
445,0.27294156825412347,0.8719668821817386,-0.4010947904403923,-0.06557153177109265
446,0.28213060428200165,0.8831654461706592,-0.33986153252261353,-0.15784566997240268
447,0.28743026403588035,0.8808287541005759,-0.27959416846195506,-0.2516975371908937
448,0.2879003649865545,0.8652722131525,-0.2212384193872338,-0.3456456838639994
449,0.28270065559282515,0.8370641968068785,-0.1656144089079524,-0.4381503592529801
450,0.27111903705133805,0.7970102879723241,-0.11340178161795644,-0.5276448659283088
451,0.2525967052623437,0.7461322932186613,-0.06512895956348352,-0.6125681383593544
452,0.22674952124724784,0.6856425593259038,-0.021166750172449705,-0.6913977900906951
453,0.19338501186010057,0.6169142344218624,0.01827359446620036,-0.7626828569601218
454,0.1525145117306757,0.5414482110094774,0.05313788266136729,-0.8250754655984224
455,0.10436007923961588,0.46083756486393906,0.08352218282928128,-0.8773606770575084
456,0.04935595091125777,0.3767303602502713,0.10966195894267304,-0.9184837943786508
457,-0.011855563375284983,0.290791726819523,0.13191748694593386,-0.9475744793251055
458,-0.07843370096959085,0.20466612606437787,0.15075599223906233,-0.9639670960141886
459,-0.14935419901862756,0.11994071509281241,0.16673103156351538,-0.9672167860476174
460,-0.2234292588810138,0.03811068300868967,0.1804597121197093,-0.957110878852686
461,-0.29933207343815116,-0.03945261877287863,0.19259839476799154,-0.9336753499027249
462,-0.3756253503110171,-0.11153000501317875,0.20381756536516266,-0.8971761556317146
463,-0.4507931596975195,-0.17707858896328105,0.21477657774425904,-0.8481153943616213
464,-0.5232753476405121,-0.23525117169257845,0.22609897308235066,-0.787222364481644
465,-0.591503686257941,-0.28541046294341094,0.23834906340650924,-0.7154397114774493
466,-0.6539388835875968,-0.3271378394458967,0.25201043220775626,-0.6339049712640996
467,-0.7091075484876515,-0.3602364848522825,0.2674669534636088,-0.5439279257989895
468,-0.755638201220127,-0.38472889701344753,0.2849868631334132,-0.44696428548710465
469,-0.792295438098789,-0.4008488896773214,0.3047103361030843,-0.3445862990373477
470,-0.8180113985172219,-0.4090283533080079,0.326640928682855,-0.23845096308307362
471,-0.831913743843701,-0.4098791701698961,0.3506411444668334,-0.13026655929968783
472,-0.8333494386051616,-0.4041707988422761,0.37643227224983994,-0.021758284594149246
473,-0.821903723118078,-0.39280414994089763,0.4035985315407496,0.08536624070438129
474,-0.7974137808489016,-0.376782465377391,0.43159544689322965,0.1894508013111346
475,-0.7599767305055128,-0.3571799857435105,0.45976225970477735,0.28892298528424926
476,-0.7099517090633355,-0.3351092425850257,0.48733807818392777,0.38232442229622177
477,-0.6479559542644167,-0.3116878431546076,0.5134813656083521,0.46833818650191483
478,-0.5748549400905607,-0.28800562396566476,0.5372922763673214,0.5458127592624212
479,-0.4917467627270787,-0.26509303592669653,0.5578372709237107,0.6137820320105439
480,-0.39994111404954064,-0.2438915883940998,0.5741753767639709,0.6714809268485338
481,-0.300933311235007,-0.22522712306585332,0.5853854142885464,0.7183563196372963
482,-0.19637397147195096,-0.209786612700323,0.590593475693656,0.7540730647146522
483,-0.08803502694190857,-0.19809908612472032,0.5889999320373531,0.7785150391404643
484,0.022227135355819383,-0.19052117227783505,0.5799052492476189,0.7917812445763078
485,0.132510553980785,-0.18722763487383923,0.5627339177326814,0.7941771236043513
486,0.24090768904661347,-0.18820713875220427,0.5370558419492043,0.7862013615538672
487,0.3455456016141264,-0.19326335240128178,0.5026045947790385,0.7685285519294309
488,0.4446253792994681,-0.20202135196920873,0.45929201544388304,0.741988200701892
489,0.5364598887555551,-0.2139391538303134,0.4072187171450933,0.7075406296612509
490,0.6195089758934549,-0.22832406895813487,0.34668016950369807,0.6662504096769688
491,0.692411296295814,-0.2443534463569845,0.27816812875604136,0.6192580093626497
492,0.7540120397194777,-0.2610992578153418,0.202367302863392,0.5677503819973577
493,0.8033859118811089,-0.2775558751823143,0.1201472563881712,0.512931232744833
494,0.8398548514180187,-0.29267030679932715,0.03254967824911503,0.4559917088209848
495,0.8630000871881537,-0.30537409379631714,-0.059228748651048324,0.39808223733864523
496,0.8726682777792871,-0.3146160213680666,-0.1538575263231613,0.3402861996172878
497,0.8689716178675615,-0.31939477605710925,-0.2498971169402951,0.2835960777461314
498,0.8522819413816267,-0.3187906781177066,-0.34582677030247777,0.22889264051553984
499,0.8232189957113663,-0.311995638298926,-0.44007478034395525,0.1769276532586959
