,0,1,2,3
0,-0.9635791600167576,0.0,0.2674232644730074,0.0
1,-0.9346363564634619,0.027160496434389596,0.3436970865568206,0.0871177439015473
2,-0.8902027601295164,0.05155569026929408,0.420296943894489,0.16802242591868521
3,-0.8311568679821607,0.07185499803120506,0.4956515123738495,0.2415464724344702
4,-0.7586750317309942,0.08685462994825494,0.5681395115211313,0.3067343556451693
5,-0.6742047189700722,0.09551372905716726,0.6361278744328911,0.3628587216115552
6,-0.5794315740422931,0.09698617714018481,0.6980109420498024,0.4094306500805122
7,-0.47624107237743896,0.0906472229994387,0.7522497177599476,0.44620385932144974
8,-0.36667569220917157,0.07611422051675193,0.7974102102904683,0.4731728211790736
9,-0.2528886349733204,0.05326091408267919,0.8321999089983391,0.49056490375440104
10,-0.13709520769016736,0.02222487353704561,0.8555014756586046,0.49882680779064215
11,-0.021523035227810322,-0.016592144391381625,0.8664027997322075,0.4986057042546453
12,0.09163770379681657,-0.06253095042174828,0.8642226483645987,0.4907256112491776
13,0.20028282721388752,-0.11468865302738482,0.8485312459754347,0.4761596650214636
14,0.30244032805755106,-0.17193904605704358,0.8191652387197653,0.45599903955888393
15,0.39631308547741784,-0.2329591639077203,0.7762366333820298,0.43141934961996925
16,0.48031709938655265,-0.2962613554269421,0.720135445107513,0.40364543106206946
17,0.5531143530669698,-0.3602300847266453,0.6515259402171304,0.37391542855748267
18,0.6136395424258285,-0.42316254377112766,0.5713365154480589,0.3434451333710209
19,0.6611200635427829,-0.48331206108118374,0.48074340948759514,0.313393502531383
20,0.6950888177571248,-0.5389332157301256,0.38114859280363567,0.2848302557938611
21,0.7153895716371006,-0.5883275179171834,0.2741523238104431,0.25870638918207317
22,0.7221747933206156,-0.6298884980311137,0.16152098982833343,0.23582836509908905
23,0.7158960723376019,-0.6621450557908477,0.04515096687087944,0.21683664103180378
24,0.6972874125079253,-0.6838019595739395,-0.0729706698414909,0.2021890842348492
25,0.667341862325812,-0.6937764524994103,-0.1908076750150645,0.19214969138720084
26,0.6272821100581686,-0.691230014602467,-0.3063174367787759,0.18678289332517883
27,0.5785258175687953,-0.6755944472488483,-0.4174940570547071,0.18595357909134624
28,0.5226465940053688,-0.6465915839080795,-0.5224107033746205,0.1893328243951962
29,0.4613316148167589,-0.6042460871287682,-0.6192602432426239,0.1964091609350766
30,0.3963369705414516,-0.5488909611798519,-0.7063932127442161,0.20650507864453904
31,0.32944188149529957,-0.4811655891340302,-0.7823522347807186,0.21879831645548353
32,0.26240293764263206,-0.4020062877221495,-0.8459020875019578,0.23234737207079198
33,0.19690951702649268,-0.31262955849411445,-0.89605472812379,0.24612055068029098
34,0.13454150135506796,-0.2145083950763277,-0.9320886987755822,0.2590277793398706
35,0.07673034460682401,-0.10934217910531299,-0.9535624763352624,0.26995434023253306
36,0.024724461438708947,0.0009791425637913076,-0.9603214740434961,0.27779562411480213
37,-0.020440210970530392,0.11441576351847456,-0.9524985554526482,0.28149197625258054
38,-0.057963758367011786,0.22882264754838544,-0.9305080771993732,0.2800627018216526
39,-0.08729937504784965,0.34199702423160727,-0.8950336323546326,0.2726383162489324
40,-0.10816358868747936,0.45172761848784443,-0.8470098168831776,0.2584901678615094
41,-0.12053939929571383,0.5558444364158663,-0.7875984843313437,0.2370566244632838
42,-0.12467228850034834,0.6522679128407408,-0.7181600847581551,0.20796510048233968
43,-0.12105923739849844,0.7390562384831676,-0.6402207999234466,0.17104930501170573
44,-0.11043106948498654,0.8144497262473729,-0.555436285012918,0.12636121081657037
45,-0.09372860516305202,0.8769111458019506,-0.4655529053207505,0.07417737721102835
46,-0.072073271801954,0.925161051698516,-0.3723674124338468,0.014999402294061409
47,-0.04673295427342297,0.9582072503794927,-0.27768603722393054,-0.050451571193775385
48,-0.01908399183517981,0.9753676926151672,-0.18328398559153491,-0.12124622090556669
49,0.009429674900686988,0.9762862367038483,-0.0908663072558737,-0.19626405544466313
50,0.0373391308301242,0.9609409002528899,-0.002031068385966433,-0.27421570030038234
51,0.06319376595763238,0.9296444002774498,0.08176430344746184,-0.3536699530050934
52,0.0856040701015594,0.8830369682188278,0.15923271705631953,-0.4330849775272855
53,0.10328281741243286,0.8220716136826657,0.22928247584776967,-0.5108428994061143
54,0.1150835563266189,0.7479921936086446,0.2910371332965614,-0.5852869726948193
55,0.12003538903704147,0.6623048176934073,0.3438497151509477,-0.654760419718114
56,0.11737311884910948,0.5667432819017897,0.38731102065822515,-0.7176459967612894
57,0.10656196153683581,0.463229365848001,0.42125186449593405,-0.7724053143448593
58,0.08731615506520304,0.3538289531620127,0.4457392733414879,-0.8176169403638267
59,0.05961095732894814,0.2407050336431255,0.46106680229962116,-0.8520123381515026
60,0.02368768997508125,0.1260687195954653,0.4677392829562004,-0.8745087389287906
61,-0.01994833630426701,0.012129454440816992,0.4664524529845928,-0.8842381179966832
62,-0.07053699785710368,-0.09895439159410596,0.4580680435577898,-0.8805715347367787
63,-0.1270794367426343,-0.20512335660183456,0.4435850121769414,-0.863138205796473
64,-0.18836066624928155,-0.3044620125408797,0.4241077021546296,-0.8318388060813248
65,-0.2529781597231708,-0.3952403105200543,0.40081178357605796,-0.7868526302870618
66,-0.31937572475081477,-0.4759501710611736,0.37490888229513397,-0.7286383952846198
67,-0.3858818275942405,-0.5453364643216078,0.34761083214644395,-0.6579286170916975
68,-0.4507514163728812,-0.6024216658176966,0.3200944903905403,-0.5757176516426207
69,-0.5122101987744394,-0.6465236310570617,0.29346803737804594,-0.48324364226932104
70,-0.5685002634168461,-0.677266103724373,0.2687396390363034,-0.38196476493470033
71,-0.617925895085375,-0.694581752403801,0.24678928615457207,-0.2735303011549547
72,-0.6588984239504047,-0.6987077157726147,0.22834453923193326,-0.15974719477488136
73,-0.6899789678308852,-0.6901738211637367,0.21396080403360554,-0.04254285919595055
74,-0.7099179741783882,-0.6697838217742204,0.2040066436150223,0.07607490643376677
75,-0.7176905435727878,-0.6385901691136695,0.19865450045212382,0.19405996245410412
76,-0.7125266173108854,-0.5978629952935267,0.19787706081307604,0.30937085720238533
77,-0.6939352356588735,-0.5490541205428009,0.20144934620752172,0.42001383588948266
78,-0.6617222174721704,-0.4937570214187664,0.20895646738591697,0.5240848265700695
79,-0.6160007726001724,-0.4336637916027082,0.21980682871557236,0.6198094239834986
80,-0.5571947318101921,-0.37052019756419735,0.23325042857035794,0.7055799399158813
81,-0.4860342605878201,-0.30607997402738785,0.2484017682385064,0.7799886592574474
82,-0.403544108592343,-0.24205951805862683,0.2642667611507281,0.8418565323667326
83,-0.3110246311595329,-0.1800941254143334,0.27977292901977996,0.8902566444520461
84,-0.21002599845911885,-0.12169686896615062,0.29380208443419625,0.9245319287278333
85,-0.10231617727093434,-0.06822114769684867,0.3052246327786385,0.9443067289926155
86,0.010156574377448241,-0.020827837761471096,0.31293458176465666,0.9494919655831096
87,0.12530582213945385,0.01954214309910199,0.31588432549756273,0.9402838127320926
88,0.2409526863220785,0.05218918687524249,0.3131182724427046,0.9171559514008347
89,0.3548741037085555,0.07666974840486043,0.30380441285490245,0.8808456158297404
90,0.4648524699445024,0.09280415599693076,0.28726297056775724,0.8323338005612775
91,0.5687254753273098,0.10067731328882554,0.2629913552928539,0.7728201338887966
92,0.6644349391248145,0.10063230797896458,0.2306847229881272,0.7036930501581794
93,0.750073469213614,0.09325712431053976,0.1902515611479954,0.6264960039999709
94,0.8239278243581443,0.07936483217765902,0.14182384032144624,0.5428905616957661
95,0.8845179346213374,0.05996779205797302,0.08576140967123783,0.4546172762446425
96,0.9306306392925159,0.03624656746560355,0.02265045953461306,0.36345530157068134
97,0.9613473287854885,0.009514371433464189,-0.0467039759003571,0.27118172653836836
98,0.9760648240718377,-0.01882201271190226,-0.1212913512924052,0.1795316104443651
99,0.9745089907453091,-0.04730380618490734,-0.1999145048691475,0.09015967845940198
100,0.9567407607298128,-0.07446321142808696,-0.28121369928325846,0.004604588731052338
101,0.9231544186048142,-0.09886666101239763,-0.36369526005794833,-0.07574338625945964
102,0.8744681969874121,-0.1191572019077363,-0.4457641436552572,-0.1496705111984339
103,0.8117074117526382,-0.1340948999397021,-0.525759664031503,-0.216162927426223
104,0.7361805484934646,-0.14259419922905264,-0.6019935222459563,-0.27442465913250585
105,0.6494488820625707,-0.14375724846032462,-0.6727892204121695,-0.32388990104660303
106,0.5532903670956789,-0.13690230801456288,-0.736521900655691,-0.36422934751876235
107,0.4496586752450127,-0.12158647676544682,-0.7916576328337082,-0.3953504734040371
108,0.3406383710581105,-0.09762212154849798,-0.8367911820586366,-0.41739182931168906
109,0.22839731016628134,-0.06508655235083399,-0.8706813184236488,-0.4307115637639053
110,0.11513740845078718,-0.024324658116654324,-0.8922827860291633,-0.43587052887156646
111,0.0030449675496952017,0.024055602594177855,-0.900774125149118,-0.4336104606882699
112,-0.10575825042626973,0.07919477952623519,-0.8955806382981586,-0.4248278470957697
113,-0.2092620279407029,0.1400003199229583,-0.8763919057057216,-0.4105442018797802
114,-0.30561165642650157,0.2051713370960711,-0.8431733854643819,-0.39187355095106147
115,-0.3931478177142518,0.27322916241235623,-0.7961717752160157,-0.3699880032965133
116,-0.4704414437993369,0.3425529353536733,-0.7359139621908543,-0.34608232357220203
117,-0.5363227427921071,0.4114193553619626,-0.6631995430312627,-0.3213384441996032
118,-0.5899037251872684,0.4780456099913918,-0.5790870503044261,-0.2968908519100265
119,-0.6305937269769801,0.5406344092250275,-0.48487417510171427,-0.2737937570117712
120,-0.6581076005655606,0.5974199978328971,-0.38207242087327653,-0.252990903937701
121,-0.6724664265731846,0.6467139878456234,-0.2723767590546312,-0.23528881015381375
122,-0.6739907849063416,0.6869498523838112,-0.15763097876107451,-0.221334129103531
123,-0.6632868073137439,0.7167249502855342,-0.039789527845892625,-0.21159572385929798
124,-0.6412254114682487,0.7348390075545437,0.0791232716587381,-0.20635191432512853
125,-0.6089152840028679,0.7403280652432999,0.1970556863958938,-0.20568322532443276
126,-0.5676703327308776,0.7324930119444532,0.31197172422010866,-0.20947081915362653
127,-0.5189724627129663,0.7109219499244823,0.4218939705496676,-0.21740064782573157
128,-0.4644306435762478,0.6755057938668456,0.5249451098842386,-0.22897321102761894
129,-0.4057373237633156,0.6264466664939752,0.6193871653466105,-0.24351865954759616
130,-0.34462330902974914,0.5642588319157272,0.703657544136501,-0.260216844301578
131,-0.28281225601824966,0.4897620910296935,0.7764010539773938,-0.27812178163330037
132,-0.22197593632298193,0.4040677491233259,0.8364971530907295,-0.29618988956926096
133,-0.16369140204855065,0.30855744938396457,0.8830818115416333,-0.31331125011621896
134,-0.10940113111856457,0.20485534274772849,0.9155634921222919,-0.3283430720306488
135,-0.0603771508610476,0.09479423001477932,0.9336329010586416,-0.34014446882263705
136,-0.017690033728146953,-0.019623537694145488,0.9372663092388112,-0.3476116296111526
137,0.017816467946460246,-0.13626948301016661,0.9267223996599334,-0.34971244678819974
138,0.04554452727332978,-0.25293572509659906,0.9025327525552265,-0.3455196746502187
139,0.06515462874255593,-0.3673838917062341,0.8654862323606837,-0.3342417269915761
140,0.07657094801018122,-0.47739505465349874,0.8166076865547273,-0.3152502783074767
141,0.07997961844976492,-0.580819495010027,0.7571315018712678,-0.2881039113290286
142,0.0758199594886162,-0.675625105818983,0.68847068512442,-0.2525671511787415
143,0.06476892170404008,-0.7599432709136482,0.6121822409128044,-0.2086243410662792
144,0.04771917693430966,-0.8321111177791995,0.5299297042314214,-0.1564879432868906
145,0.025751443904538887,-0.8907091288648777,0.443443750428348,-0.09660098912353149
146,0.00010178700012052067,-0.9345932072148166,0.35448184645346903,-0.02963354859395298
147,-0.027875245859116174,-0.962920425998043,0.26478792497796744,0.04352675786113766
148,-0.056746674008272685,-0.975167844186816,0.17605305633206436,0.12179003247054335
149,-0.08504326968268312,-0.97114393849303,0.08987806253283961,0.20388483731083776
150,-0.11130276990234697,-0.9509923805829308,0.00773896376977818,0.2883839349288462
151,-0.13411297931326732,-0.9151880741348262,-0.06904392802481397,0.37373444281202095
152,-0.15215363085573494,-0.8645255539028319,-0.13933254953646246,0.4582916974003448
153,-0.16423590205117206,-0.8001000339709262,-0.20219265449558388,0.5403560257692975
154,-0.16933854361926487,-0.723281570259512,-0.2569099320439103,0.6182115451728754
155,-0.1666396625824125,-0.635682968693016,-0.3030003360503487,0.6901660543097073
156,-0.15554331184573272,-0.539122221150407,-0.34021443342514646,0.7545910469195347
157,-0.13570016970597137,-0.43558038268854254,-0.36853573073120316,0.8099608690134915
158,-0.10702174254636315,-0.32715591231947655,-0.3881730900621428,0.8548900559769999
159,-0.06968768835934125,-0.21601658316720873,-0.3995474934529172,0.8881679246422868
160,-0.024146033580618786,-0.10435012408409822,-0.40327355630400363,0.9087895572968885
161,0.028893763372646597,0.005685217592403112,-0.4001363209105783,0.9159823979898519
162,0.08847476603404467,0.11200900416875029,-0.3910639779391984,0.9092277843965836
163,0.15341321609340142,0.2126646695752639,-0.3770972636832214,0.8882768583977358
164,0.22232540487990915,0.3058622175333687,-0.3593563616746749,0.8531604324829496
165,0.2936601132269393,0.39001654454422413,-0.33900619673952403,0.8041925338210538
166,0.36573582885090805,0.4637804873833041,-0.31722104639545756,0.7419674997875689
167,0.43678182596913706,0.5260718278029587,-0.29514940771680476,0.6673506541688106
168,0.5049820901869287,0.5760936387989445,-0.2738800471337608,0.5814627483406317
169,0.5685209952853034,0.6133475232969491,-0.25441012639588256,0.48565850262559723
170,0.6256295893913196,0.6376394733054275,-0.2376162410084524,0.38149972604162985
171,0.6746313273858454,0.6490782610427941,-0.22422912930918468,0.27072362423793284
172,0.7139860948613577,0.6480664587102483,-0.2148127129891659,0.15520702232058198
173,0.7423314063208788,0.6352843658379886,-0.2097480157548296,0.03692732861177986
174,0.7585197257218671,0.6116672979506304,-0.20922237887644352,-0.08207885529100775
175,0.7616509493292756,0.5783768533359461,-0.21322425381900809,-0.19975851544889875
176,0.7510992069013567,0.5367669219154951,-0.22154370651560917,-0.3140854008591355
177,0.72653327463599,0.4883453279611156,-0.23377861881043022,-0.4231025867237689
178,0.6879300486656615,0.43473210352136865,-0.2493464239434299,-0.524963434133629
179,0.6355806973653285,0.3776154693284673,-0.26750106843588867,-0.6179699934835857
180,0.5700892901347834,0.31870665269211673,-0.2873547560268439,-0.7006079609825728
181,0.492363885189367,0.25969469617614577,-0.30790390386975386,-0.7715773812917107
182,0.40360024465399097,0.20220240613207024,-0.3280586302094517,-0.8298183925502839
183,0.3052585272925476,0.14774455659212932,-0.34667499904133936,-0.8745314302826803
184,0.1990334829948325,0.09768940248548472,-0.36258917319460565,-0.9051914409510438
185,0.08681883436291968,0.053224468215636395,-0.3746525747727847,-0.9215558009144906
186,-0.029333324623963708,0.015327465565581566,-0.3817671222802747,-0.9236657886983124
187,-0.14725715843724718,-0.015256938478124843,-0.38291960784073653,-0.9118416140143837
188,-0.2647206927335594,-0.03803393469611116,-0.37721429585498917,-0.8866711620735286
189,-0.3794752590736131,-0.05276856152888998,-0.36390286583562403,-0.8489927625732782
190,-0.4893056030778353,-0.059488643369064786,-0.3424108859868798,-0.7998724356198459
191,-0.5920794587582048,-0.05848062959908143,-0.31236008880045374,-0.7405761982421951
192,-0.6857954024520391,-0.050278468552856864,-0.27358582341452975,-0.6725381318573816
193,-0.7686278396248516,-0.035645828798914536,-0.2261491791644548,-0.5973250101963916
194,-0.8389680458391124,-0.01555215026475057,-0.17034340765978634,-0.5165983663833006
195,-0.8954602777381939,0.008856834532243285,-0.10669441353929734,-0.4320749351612641
196,-0.9370320886450741,0.03629332748127193,-0.035955233215689164,-0.3454864403043792
197,-0.9629181233994778,0.06536553693657599,0.04090542730538407,-0.2585397072536132
198,-0.9726768249020309,0.09461859313186619,0.12272037386307494,-0.17287806677295955
199,-0.9661996566055208,0.12257723214342449,0.20814645754791175,-0.09004497734845934
200,-0.943712626651367,0.14778912777505354,0.2956919557929109,-0.011450733148313644
201,-0.9057700860141968,0.1688677333576802,0.38374817193922495,0.0616569578050829
202,-0.8532409602804648,0.18453350695985113,0.470624514361609,0.12821784193579064
203,-0.7872877579256885,0.1936524336113378,0.554586224530759,0.18737886950632257
204,-0.7093388726473491,0.19527082585312328,0.6338938520086128,0.23850839127316625
205,-0.6210548591480043,0.18864547755092262,0.7068435251447885,0.28120451043524297
206,-0.5242895067569163,0.173268363105046,0.7718070404462356,0.315297446499503
207,-0.421046659859306,0.14888521202190474,0.827270791921869,0.3408459192882877
208,-0.3134338352082698,0.1155074438291866,0.8718725842567938,0.3581277121196547
209,-0.20361376134772274,0.07341711663138134,0.904435419939239,0.3676247194282536
210,-0.093755012742642,0.02316471999375322,0.9239974193510305,0.370002922104505
211,0.014017070346954139,-0.03444017514072595,0.9298371226794423,0.36608786016799694
212,0.11766799612286659,-0.09834521472619245,0.9214935311307896,0.3568362839076164
213,0.2152991294679589,-0.16727813575470038,0.8987803696739167,0.3433047585420092
214,0.3051890219360395,-0.23977567537303737,0.8617941913591337,0.3266160714490124
215,0.3858300855954397,-0.31421781875084653,0.8109160907642288,0.30792434325421014
216,0.4559597510091257,-0.3888665512868721,0.7468069476881815,0.2883797732758218
217,0.51458538879259,-0.46190816318786476,0.6703962780663217,0.26909395529519037
218,0.5610024308237891,-0.5314980605165784,0.582864923379618,0.25110668125438507
219,0.5948052973706013,-0.5958069688703354,0.48562195877203806,0.23535510876933136
220,0.6158909159016112,-0.6530673756621912,0.3802763400011817,0.2226461043694219
221,0.6244548016777204,-0.7016190455824758,0.26860393677592126,0.2136324897716969
222,0.6209798547922668,-0.7399524615516838,0.15251071183698858,0.2087938154274569
223,0.6062182085409578,-0.7667490899410854,0.03399289855155105,0.20842216666174201
224,0.5811666353782711,-0.7809174429225266,-0.0849048974842687,0.21261337598002625
225,0.5470361749972158,-0.7816240107109659,-0.20213269710550028,0.22126387388224125
226,0.5052167903276279,-0.7683182597339695,-0.31567824426323665,0.23407326337984574
227,0.457237977987256,-0.7407510363685266,-0.4236091963671449,0.2505525540844869
228,0.4047263569564111,-0.6989858762839551,-0.5241134262197965,0.27003784400800357
229,0.34936133058892427,-0.6434028926562165,-0.6155364996543491,0.2917090948256864
230,0.2928299607749771,-0.5746950982857286,-0.6964154618974814,0.31461351291544626
231,0.23678220808344136,-0.49385720245378417,-0.7655081556179396,0.33769292737940493
232,0.18278767769928342,-0.40216710858387805,-0.8218174023623586,0.3598144505560731
233,0.13229496832706678,-0.30116051883516715,-0.8646095039370258,0.3798036189296304
234,0.08659465106331177,-0.19259922217290432,-0.893426658180678,0.39647914507287585
235,0.04678680934422763,-0.07843379899855574,-0.9080930310841943,0.40868836604724124
236,0.013753951889431543,0.039238385815945465,-0.9087143807066077,0.41534245169858236
237,-0.011860028892483832,0.15821891211453376,-0.8956712840265917,0.41545043812002563
238,-0.029664336769590183,0.2762566731213062,-0.8696061719165132,0.4081511771937919
239,-0.03952884255555614,0.39109773396893766,-0.8314045260391371,0.3927423419650895
240,-0.041584576252330724,0.5005354917788425,-0.7821707309892632,0.3687056984525013
241,-0.03621715234073741,0.602459939434493,-0.7231992020081184,0.3357279456162945
242,-0.024053321188901744,0.6949048550498367,-0.6559415199748282,0.293716534333803
243,-0.00594101557748708,0.7760917879300573,-0.5819703984058221,0.24281000066060193
244,0.01707657212744522,0.8444697883596001,-0.5029413796068507,0.18338248529078421
245,0.043792193779239486,0.898749930954035,-0.42055320717556205,0.11604225656400866
246,0.0728702065490463,0.937933807056375,-0.33650784855464294,0.04162420496970376
247,0.10288575326517085,0.9613353076454474,-0.25247114368231394,-0.038823570894947756
248,0.13236643339294835,0.9685951808514125,-0.17003503397646777,-0.12405881735237168
249,0.1598353716108016,0.9596880234274212,-0.0906822805185183,-0.21266940464478626
250,0.1838545542249512,0.9349215490791668,-0.015754512557535183,-0.3031022851979642
251,0.20306729561555045,0.8949281638733427,0.05357564092709423,-0.39369646386133605
252,0.21623871773264786,0.8406490654064951,0.1163276906336016,-0.4827192084187052
253,0.22229317485038874,0.773311263414789,0.17173117379299313,-0.5684046430479253
254,0.22034763211831848,0.694398090576806,0.2192378999813888,-0.6489938027707878
255,0.2097401080144167,0.6056139291867955,0.2585283116166167,-0.722775184934907
256,0.19005241506779041,0.508844018289517,0.28951186463858547,-0.7881248155028271
257,0.16112657706926795,0.40611032335182534,0.3123214864400258,-0.8435448538974721
258,0.12307446082487589,0.2995245437165356,0.3273023176741499,-0.8876997902721362
259,0.07628033232449777,0.19123939966125783,0.33499508837262904,-0.9194493426414976
260,0.021396226688762898,0.08339937925070814,0.3361146132639523,-0.9378772370489113
261,-0.04066979608173374,-0.0219078655917511,0.3315240129293734,-0.9423151500231177
262,-0.1087722562847103,-0.1226983044517086,0.3222053734355398,-0.9323612066558064
263,-0.1815532920747015,-0.21713537475974792,0.30922764470035535,-0.9078925569239196
264,-0.2574735359537173,-0.3035698450330738,0.29371264490787585,-0.8690716942182094
265,-0.3348480863735952,-0.3805747529717173,0.27680008313207916,-0.8163463299547126
266,-0.411886698577292,-0.4469746014070806,0.25961253386085226,-0.7504427929525517
267,-0.48673720841093454,-0.5018681400476045,0.24322129481962418,-0.6723530781514697
268,-0.55753111689881,-0.5446442221821668,0.22861403346629472,-0.5833158223770555
269,-0.6224302040788431,-0.5749903989544085,0.21666507844982616,-0.48479163146753046
270,-0.6796730094732355,-0.5928940951786474,0.20810914145705683,-0.3784333195397812
271,-0.7276200144414857,-0.5986363954052432,0.20351916402666007,-0.2660517441293622
272,-0.76479638863187,-0.5927786524556155,0.2032888753973586,-0.14957802735773956
273,-0.7899312181876319,-0.5761423083646877,0.20762052403544204,-0.031023040535497454
274,-0.8019922159394879,-0.5497824851708298,0.21651811028412157,0.08756490444721549
275,-0.8002150215124832,-0.5149560561183173,0.22978630402043476,0.20414317058739145
276,-0.7841263294507739,-0.47308504278606395,0.2470350829300518,0.31671771272839855
277,-0.7535602329136197,-0.42571629708740943,0.2676899777713885,0.4233847960970123
278,-0.7086673355320204,-0.3744785161970856,0.29100766457727567,0.5223705462734833
279,-0.6499163605585365,-0.3210377010626827,0.31609650384443544,0.6120674137969275
280,-0.5780881701238437,-0.26705220372148275,0.34194149693473563,0.6910667122097531
281,-0.4942622936814698,-0.21412851434496039,0.36743301345165424,0.7581864843262408
282,-0.39979624895840316,-0.16377891567053604,0.3913985432203778,0.8124940654955817
283,-0.296298116361558,-0.11738208087518044,0.4126366452412242,0.853322841797917
284,-0.18559299440736163,-0.07614761232990525,0.4299522056809526,0.8802828422691479
285,-0.06968411520278175,-0.041085415053796065,0.4421920791676411,0.893264953907663
286,0.04929046845603616,-0.01298067269237646,0.44828017334979164,0.8924387026778473
287,0.16910460248665982,0.007624951332746405,0.4472510462675541,0.8782436991789807
288,0.28749305020223664,0.020445425549370094,0.43828111936230063,0.8513750002613696
289,0.4022016448130854,0.02545548523537955,0.4207166651232092,0.8127627838851184
290,0.5110373806165909,0.022888679768015507,0.39409780606474176,0.7635468703399753
291,0.6119172473899213,0.013228403871336947,0.3581778590325344,0.7050467452422067
292,0.7029146414874757,-0.002807835990790458,0.31293747334054944,0.6387278455013671
293,0.7823022447736915,-0.024290495438225784,0.25859314010663914,0.5661649561242708
294,0.8485903473777464,-0.05010581905939179,0.19559979017261506,0.48900363119114854
295,0.9005597002525845,-0.07898868564909585,0.12464734567926217,0.4089205950248994
296,0.9372881159454219,-0.10955960821792776,0.04665124203101978,0.32758409847179554
297,0.9581701875724375,-0.1403649182452806,-0.037262911160075546,0.2466151999072162
298,0.9629296629948254,-0.16991908132452802,-0.12578021331696415,0.16755091126113902
299,0.9516241894922787,-0.1967480357264914,-0.2174224425728446,0.091810096811796
300,0.9246423294191822,-0.21943241789552528,-0.31057852406835357,0.02066293808522999
301,0.8826929348352015,-0.2366495401944788,-0.40353879313759555,-0.04479531617051625
302,0.8267871542944711,-0.24721301631142933,-0.49453225078529905,-0.10366570789360577
303,0.7582135232858334,-0.25010898789103986,-0.5817659295537256,-0.15526155510328604
304,0.678506756840493,-0.24452799071067552,-0.6634654301535322,-0.1991187225551312
305,0.5894110144464378,-0.22989160797245717,-0.7379156545720527,-0.2349999816394888
306,0.4928385398968141,-0.20587318929833837,-0.8035007506878045,-0.26289341407620104
307,0.39082468879552124,-0.17241206351964838,-0.8587422970283272,-0.2830049651071342
308,0.2854804414476402,-0.12972083760357575,-0.9023347939240248,-0.2957453998228449
309,0.17894355670011536,-0.07828554894352066,-0.9331775880497134,-0.3017120572729002
310,0.0733295515691571,-0.018858619374588437,-0.9504024397504787,-0.301665927572685
311,-0.029316308494010103,0.047555257882706425,-0.9533960446210574,-0.2965046940689406
312,-0.12706485305043574,0.11971998718708829,-0.9418169400607067,-0.28723248284600605
313,-0.21814558584339552,0.1961952116280558,-0.9156063610422254,-0.2749271429493264
314,-0.3009849863439083,0.27536908182602005,-0.8749927538415861,-0.2607059406583738
315,-0.3742396298138991,0.35549586281620266,-0.8204898084261372,-0.24569058847696734
316,-0.43682335360917607,0.4347374638732965,-0.7528880258590575,-0.23097254331348094
317,-0.4879278478128685,0.5112078731785908,-0.6732399926168001,-0.21757949827650594
318,-0.5270362136807429,0.5830194015118486,-0.5828396853049074,-0.2064439588932281
319,-0.5539292096555436,0.648329588650697,-0.4831962731629301,-0.1983747382401737
320,-0.5686840874644516,0.705387604187528,-0.3760030184257684,-0.19403212790156077
321,-0.5716661054907193,0.7525789816238,-0.2631019927875311,-0.19390740481577198
322,-0.5635129886028379,0.7884675607431857,-0.14644542898370302,-0.19830722039645454
323,-0.5451127783992433,0.8118335775452714,-0.028054607386305608,-0.20734329070481525
324,-0.5175756810346173,0.8217069318835034,0.09002276349592628,-0.22092766813759565
325,-0.4822006673797392,0.8173947781750119,0.20575567805362738,-0.23877372958399476
326,-0.4404377085681053,0.7985027213065429,0.31717247012736094,-0.26040286697851933
327,-0.3938466358220765,0.7649490547811038,0.42240196206667247,-0.2851567174087885
328,-0.3440536942164724,0.7169716474115124,0.5197121704542514,-0.3122146251951492
329,-0.29270691374338387,0.6551272642851123,0.6075456730354523,-0.34061589131017667
330,-0.2414314463832784,0.5802832928588431,0.6845508234959885,-0.36928623962603513
331,-0.19178601426813846,0.49360203130989705,0.7496081025150573,-0.3970678179626973
332,-0.1452215815721462,0.3965178790459667,0.8018510124647735,-0.42275195759663975
333,-0.10304330233508478,0.2907079440369042,0.8406810562836879,-0.44511384018412625
334,-0.06637670956376589,0.17805674402760696,0.8657764851272074,-0.4629481678703928
335,-0.03613899987890026,0.060615824695403164,0.8770946508284159,-0.47510490207156153
336,-0.013016135495736075,-0.059440756204587386,0.8748679542470692,-0.4805241298313032
337,0.0025536652026464934,-0.17986402684242947,0.8595935354153171,-0.4782691339761098
338,0.010389642017980066,-0.29837965250017945,0.8320170021868039,-0.467556784128616
339,0.010571180602760188,-0.4127382615239323,0.7931106371476278,-0.44778442900367443
340,0.0034334223782278572,-0.5207653470529725,0.7440466543340248,-0.41855255475736075
341,-0.010444072672148058,-0.6204095543779101,0.6861661945889495,-0.37968257740636624
342,-0.030255301468379403,-0.709788201824138,0.6209448483059918,-0.33122925693025085
343,-0.05499195238376858,-0.787228949375484,0.5499555744191419,-0.273487353644564
344,-0.08347306161466853,-0.8513066222163864,0.47482994285937835,-0.20699229048291012
345,-0.11437941221993556,-0.9008743136872706,0.39721866291618974,-0.13251473438748435
346,-0.14629177457153644,-0.9350880309223996,0.3187523711938112,-0.05104916235064541
347,-0.17773198770636806,-0.9534243032459043,0.24100363991434004,0.03620337103151142
348,-0.20720580717999823,-0.9556903443658855,0.1654511295733574,0.12785790112310058
349,-0.233246398365421,-0.9420265403052428,0.09344675036895914,0.22237315452988846
350,-0.25445733590028813,-0.9129012213715068,0.026186615942569574,0.31808345661227255
351,-0.2695539806379688,-0.8690978636930369,-0.03531352714258387,0.41323420677283396
352,-0.27740214475054903,-0.8116950493119387,-0.09023782755660666,0.5060200900044876
353,-0.27705302259547326,-0.7420396889963693,-0.13798437888602322,0.5946251203979881
354,-0.2677734579279063,-0.6617141744955486,-0.17817349569224808,0.6772635616462865
355,-0.24907073470112193,-0.5724982729035625,-0.21065006862177446,0.7522207423539464
356,-0.22071121613449754,-0.47632670153141066,-0.23548000222952314,0.8178927808891745
357,-0.1827323115081736,-0.37524342412159856,-0.2529408895232381,0.8728242557305391
358,-0.13544741839306618,-0.2713537858688656,-0.2635072231709707,0.915742902283175
359,-0.07944366553266846,-0.16677565366727973,-0.2678305811764932,0.9455904849020244
360,-0.015572463911481038,-0.06359074811099338,-0.26671535116736517,0.9615490817291017
361,0.05506694389663047,0.03620265542683586,-0.26109066909664796,0.9630621277677772
362,0.13115056779004822,0.13073451755726856,-0.25197934234516867,0.9498496857496498
363,0.21115884990071884,0.2183042446975475,-0.2404646015786659,0.9219175517600539
364,0.2934112460219035,0.2974173378308164,-0.22765557841679546,0.8795599499074617
365,0.37610537535878025,0.36681661677020744,-0.21465243570642112,0.8233557239327325
366,0.45735978647533093,0.4255072942711236,-0.20251208323686826,0.7541580897798389
367,0.5352592920608001,0.4727753297446064,-0.19221539396137044,0.6730781679505927
368,0.6079017558403879,0.5081986614716719,-0.18463679466868715,0.581462664131626
369,0.6734451733830356,0.5316510948719533,-0.18051704163892485,0.4808662074283
370,0.730153875797261,0.5432988080752149,-0.18043990773677665,0.3730189840989703
371,0.7764427017199709,0.5435896201950376,-0.18481340478088779,0.2597904177896233
372,0.8109180282317923,0.5332353477180207,-0.19385604648366686,0.14314974213886106
373,0.8324146242954078,0.5131877458136083,-0.20758852578556528,0.025124385924022996
374,0.8400273892378061,0.48460868987346145,-0.22583103934075793,-0.092242857174481
375,0.8331371612631732,0.4488353942658313,-0.2482063448186137,-0.20693687387307202
376,0.8114299239798326,0.407341586622707,-0.2741484872900124,-0.31701248744233534
377,0.7749088989299376,0.3616956539620285,-0.30291698305221637,-0.42063494106257404
378,0.7238991851740904,0.31351684916509387,-0.33361610655597035,-0.516117669180501
379,0.6590447888275113,0.26443069100835165,-0.3652187922508814,-0.6019564849380334
380,0.5812980715697504,0.21602470700763493,-0.3965945415549602,-0.6768594001418338
381,0.49190183294675677,0.16980565540622677,-0.42654061887183536,-0.7397714015749172
382,0.392364422147525,0.12715932108664452,-0.4538157323313691,-0.7898936310555813
383,0.2844284463817547,0.08931391108754515,-0.47717532697090403,-0.8266965534616174
384,0.170033800755893,0.05730798052686305,-0.49540757215357756,-0.8499268435702748
385,0.0512758847238515,0.03196370148221525,-0.5073691023311614,-0.8596078753902943
386,-0.06964001070626774,0.013866148754341973,-0.5120195714156894,-0.8560338529023567
387,-0.19044706576058953,0.0033491209433888502,-0.5084541060410256,-0.8397577749459144
388,-0.3088668967700145,0.0004878468268112446,-0.49593279128899254,-0.81157357559832
389,-0.4226599346630041,0.005098749890114301,-0.4739063928563229,-0.772492921126226
390,-0.5296750172069872,0.01674626249265379,-0.44203761042438083,-0.7237172720127723
391,-0.6278970131390239,0.03475650012046036,-0.4002172659261516,-0.6666059305504729
392,-0.715491343332543,0.05823743004675189,-0.34857495479000705,-0.6026408882998936
393,-0.7908443389920047,0.08610500192552827,-0.2874838249918926,-0.5333893610635067
394,-0.8525984777058979,0.11711455458603767,-0.21755929446850678,-0.4604649501406841
395,-0.8996816625329316,0.14989667743858362,-0.1396516685056361,-0.38548839629544895
396,-0.9313298540746263,0.18299658987024356,-0.054832771351915444,-0.31004889645193356
397,-0.9471025271227326,0.2149160107063644,0.03562314329173796,-0.23566693260153776
398,-0.9468905979674207,0.24415642454797648,0.13026379385453946,-0.16375951832937236
399,-0.9309166514987683,0.2692626142223366,0.2274880407082181,-0.09560870190107168
400,-0.8997274843066261,0.28886531966439394,0.32557915857340686,-0.032334077706014194
401,-0.8541791664607707,0.30172190352387723,0.4227414401482552,0.025130047745458906
402,-0.7954150059286303,0.3067539521831003,0.5171392725756612,0.07605231044170638
403,-0.7248369711875843,0.3030808164796645,0.606937762283627,0.11991637334314582
404,-0.6440712852814839,0.2900481973777397,0.6903439402667555,0.15642719332251015
405,-0.5549290444705212,0.26725100560578174,0.7656475601533036,0.18551137225795716
406,-0.45936283329011984,0.23454986779018683,0.8312605059586831,0.20731164498067284
407,-0.3594204023555036,0.19208081127711651,0.8857538551986639,0.22217570594111757
408,-0.2571965433134605,0.14025783165674693,0.9278916953582834,0.23063972002170896
409,-0.15478433530007588,0.07976822668536279,0.956660866333925,0.23340699728673417
410,-0.05422694816004847,0.011560763340979052,0.971295896581679,0.23132243325672572
411,0.04252883071090754,-0.06317307344109674,0.971298513999138,0.2253434224765331
412,0.13367622622407438,-0.14302432578470717,0.9564512412730086,0.21650804105998966
413,0.21758821724456412,-0.22639771126326932,0.9268247263889346,0.205901361348485
414,0.2928524455590985,-0.3115479328545057,0.8827786087649772,0.19462080713816843
415,0.3583004712862608,-0.3966202754117729,0.8249558763584263,0.18374147999303608
416,0.413030697475016,-0.479694501920819,0.7542708252993132,0.17428238543389196
417,0.45642444669295934,-0.5588309755102909,0.671890887281603,0.16717446234153197
418,0.48815484488109073,-0.6321178724869515,0.5792127373135583,0.16323127039702226
419,0.508188348331332,-0.6977183191318633,0.47783323186568827,0.16312312004395457
420,0.5167789338124755,-0.7539162814801974,0.36951585157601213,0.16735533908652847
421,0.5144551550305808,-0.7991600629493317,0.25615343042498673,0.17625126192681057
422,0.5020004461917608,-0.8321023188862995,0.13972804202736525,0.18994040433387777
423,0.48042722101274815,-0.8516355785724892,0.02226898122634488,0.20835215164382548
424,0.4509454689261288,-0.8569223719659204,-0.09419017613784841,0.231215144829258
425,0.4149266856382458,-0.8474191878646038,-0.20765443166761793,0.258062400579683
426,0.3738640892580161,-0.8228936390557421,-0.3162091411320255,0.2882420521530754
427,0.32933016309945806,-0.7834343747058731,-0.4180597375772847,0.32093345107501026
428,0.28293262975244665,-0.7294534566806548,-0.5115684805758755,0.3551682294903403
429,0.23626999655924558,-0.6616811002984267,-0.5952873853490345,0.38985579266962544
430,0.19088781937409444,-0.581152866671705,-0.6679865799684389,0.4238125941450177
431,0.1482368092856662,-0.48918957865269164,-0.7286774514543014,0.45579444517509987
432,0.10963385643920462,-0.38737041089352253,-0.7766300695419077,0.48453102828383154
433,0.07622696750666373,-0.2774997722323541,-0.811384517014287,0.5087617235850478
434,0.04896501069730841,-0.16156875136379598,-0.832755904322422,0.527271818065683
435,0.02857303708171502,-0.04171203075512639,-0.8408330000530327,0.5389281529703462
436,0.015533802585742718,0.07983871430091025,-0.8359705638525282,0.5427132733295722
437,0.01007595494568797,0.20080382752971254,-0.8187756208446181,0.5377571763276204
438,0.012169178241493689,0.31890593039397885,-0.7900880626268966,0.5233658108388015
439,0.021526408670155234,0.4319202321306357,-0.7509560960006322,0.4990455577254185
440,0.03761305349780539,0.5377236933197402,-0.7026071833330613,0.464523017489911
441,0.05966296521423402,0.6343418723438479,-0.6464152248598951,0.4197595462195912
442,0.08670074934239141,0.7199923399480895,-0.5838648207094175,0.36496010962502146
443,0.1175698214994068,0.7931236302958521,-0.5165135168391372,0.3005761651585138
444,0.15096548127094495,0.8524488053775197,-0.44595298282374035,0.22730243022388025
445,0.18547214097842116,0.8969728406914981,-0.3737700894837458,0.14606754666938404
446,0.2196037397573427,0.9260131905373189,-0.30150885025667196,0.058018804299877214
447,0.25184629024436544,0.9392130573210484,-0.23063416214568444,-0.035498764755407836
448,0.28070144869648916,0.936547066867778,-0.16249823079204817,-0.13296846705328477
449,0.30472997097461596,0.9183192364732391,-0.09831049104267017,-0.2327326192521549
450,0.3225939172495133,0.8851533097411033,-0.03911174120170612,-0.3330271077677559
451,0.33309649754098086,0.8379757175152905,0.01424690165688862,-0.43201903427261257
452,0.33521850756861094,0.7779916028521534,0.06111974356852547,-0.5278465639000783
453,0.3281503884573159,0.7066545155771133,0.10107660826679388,-0.6186600338078103
454,0.31131905251430475,0.6256305344017971,0.13390708543413415,-0.7026633435979495
455,0.2844087478709515,0.5367577080867888,0.1596188835030775,-0.7781546369283727
456,0.24737538400549172,0.44200181844009157,0.17843038855906432,-0.843565295826264
457,0.20045390430509283,0.3434095543154432,0.19075767849538527,-0.8974963054791727
458,0.14415846678508226,0.24306024510810675,0.1971963823993751,-0.9387511067747196
459,0.07927537548243735,0.14301733310785675,0.19849890567157097,-0.9663641351581767
460,0.006848888338316539,0.04528076573177515,0.19554765832477372,-0.9796243455054426
461,-0.07183979201332932,-0.04825853887406821,0.18932502434823617,-0.9780931412011666
462,-0.15529986475598784,-0.1358610553786358,0.18088089144308475,-0.9616162585714376
463,-0.2418639731055366,-0.2159768295102916,0.1712986208059763,-0.9303293019884203
464,-0.3297261544822724,-0.2872785645253881,0.1616603744577479,-0.8846567768037166
465,-0.4169837840664184,-0.34868883960086866,0.15301273194905043,-0.8253046230483262
466,-0.5016824928662125,-0.3994008329579655,0.14633351878221845,-0.7532464087301317
467,-0.581862962301375,-0.43889208681979935,0.14250073582556472,-0.6697034937328574
468,-0.6556084453669051,-0.4669310266733136,0.14226442321144284,-0.5761196200284321
469,-0.7210918410315643,-0.4835761293543891,0.1462222151245177,-0.4741305176008185
470,-0.7766211542739856,-0.4891678186536945,0.15479924545789547,-0.36552923485461203
471,-0.8206822089700234,-0.4843133488484724,0.1682329509852974,-0.25222800441274384
472,-0.85197754389748,-0.46986511126760677,0.18656319133638155,-0.13621753758706243
473,-0.8694605118945993,-0.4468929623386961,0.2096279668909,-0.01952470141415981
474,-0.8723637165050809,-0.4166513194790993,0.23706487022127737,0.09583043049439029
475,-0.860221056461104,-0.38054189999916876,0.2683182575912966,0.20787714883826483
476,-0.8328828027511122,-0.3400730846880129,0.30265197803430555,0.3147353080672045
477,-0.7905233019833048,-0.29681696931304885,0.3391673524581186,0.41465419662145087
478,-0.7336410791187797,-0.2523652218727512,0.37682595773130767,0.5060481789300717
479,-0.6630512979748535,-0.20828488976289042,0.41447664428188324,0.5875282906338655
480,-0.5798707246065773,-0.16607529842373286,0.4508861035967826,0.657929068806828
481,-0.48549552213853936,-0.12712715162777144,0.4847722070018725,0.7163300165572933
482,-0.3815723812970119,-0.09268488416421475,0.5148392616548143,0.7620712333748884
483,-0.2699636544289218,-0.0638132317990522,0.5398142757330958,0.7947628856769126
484,-0.15270730813476044,-0.04136887322112229,0.5584832937471159,0.8142883426502068
485,-0.031972637131891385,-0.025977867016612782,0.5697268555786297,0.8208009569515538
486,0.08998721356100006,-0.018019456875941392,0.5725536494703977,0.8147146242995444
487,0.21088479216389358,-0.01761665401139878,0.5661314694044738,0.7966884066467689
488,0.32844877215164525,-0.024633831294082448,0.5498146501437408,0.767605646745231
489,0.4404740730520652,-0.03868138330381335,0.5231672371458927,0.7285481339841242
490,0.54487047729551,-0.05912732487015099,0.4859812515312062,0.6807659991403976
491,0.6397085865927605,-0.08511552234299226,0.4382895297582519,0.6256441162514661
492,0.7232620258764455,-0.11559008126192873,0.3803727506793104,0.5646658707409332
493,0.7940448941577117,-0.14932525559309165,0.312760405913552,0.49937521223716835
494,0.8508435774656756,-0.1849601012672058,0.23622561943184495,0.4313379467988822
495,0.8927421764887647,-0.22103697397696342,0.15177387516393093,0.3621032356537698
496,0.9191409572239195,-0.256042871175842,0.060625863504986804,0.2931662558136576
497,0.9297674030101131,-0.28845254349553884,-0.0358051949768837,0.2259329424042666
498,0.9246796265703545,-0.31677225326163183,-0.13594125123323797,0.16168767418204955
499,0.9042620866529416,-0.33958303865249256,-0.2380715301376026,0.10156468401734652
