,0,1,2,3
0,-0.3553836625022717,0.0,-0.9347205210256548,0.0
1,-0.42236270588975466,0.11109901624897092,-0.8986597665846981,0.040955795486494875
2,-0.47586299910370367,0.22443459744301497,-0.8467736000033194,0.07847284811983915
3,-0.5150316675586623,0.33743391671678313,-0.7801009610773783,0.11101001660690392
4,-0.5393948616358706,0.4474863902643621,-0.6999940153491586,0.13717686482914443
5,-0.5488651623368488,0.5520069620223914,-0.6080871568818553,0.15577341585487853
6,-0.5437391990081439,0.6484991724070946,-0.5062594357952283,0.16582487906702328
7,-0.5246855785646731,0.7346164505287719,-0.3965913196138412,0.16661044224692087
8,-0.4927234682293334,0.8082201098139054,-0.28131683496907134,0.1576853712664576
9,-0.449192407507802,0.8674326053057144,-0.16277224786520045,0.13889583008425874
10,-0.3957141440962001,0.9106847251690973,-0.043342523814560774,0.11038601874912517
11,-0.334147487212288,0.9367555362802638,0.0745931383770285,0.0725974224408483
12,-0.26653734549158214,0.9448040805946554,0.18871538481878153,0.02626016532104103
13,-0.19505926077180977,0.9343920208835067,0.29681709419982194,-0.02762333591668034
14,-0.1219608602142451,0.9054966564082458,0.3968528162701175,-0.08780202746955787
15,-0.049501724517879125,0.858513965659697,0.48698407736366334,-0.15280660467165033
16,0.02010679239244048,0.7942515785579322,0.5656194731471562,-0.22098587840550685
17,0.08476025780162895,0.7139118284021503,0.6314485992246459,-0.29054821717252505
18,0.14251687390086143,0.6190652782245203,0.683469023909077,-0.3596070290012376
19,0.19164879297404147,0.511615350970023,0.72100568055252,-0.42622914191126227
20,0.23068772900122572,0.3937549122656029,0.7437222449957481,-0.4884848647127654
21,0.2584637060728785,0.26791585300839615,0.7516242622696462,-0.5444984634665797
22,0.27413595858864864,0.1367128916645107,0.7450539907150873,-0.5924977741569445
23,0.27721519752337437,0.0028829587375650834,0.7246771361112477,-0.6308616894443617
24,0.26757667607922386,-0.13077836520151243,0.6914618481354915,-0.6581643063754401
25,0.245463721311267,-0.2614818139408737,0.6466505415619717,-0.6732146014428266
26,0.21148163996341207,-0.3865092240804253,0.5917252803258434,-0.6750906074612769
27,0.16658215072210775,-0.5032765736317121,0.5283676195814769,-0.66316720069084
28,0.11203873526781429,-0.6093937403200209,0.4584139352818897,-0.6371367631817638
29,0.049413530855134044,-0.7027195303796294,0.38380737928450853,-0.5970221605587345
30,-0.0194833980970352,-0.7814106456500456,0.3065476778755747,-0.5431816650554987
31,-0.09264137816284682,-0.8439634066688175,0.22864004094724172,-0.47630565284457416
32,-0.1679018356647488,-0.8892472284883949,0.15204446666604948,-0.3974051086263901
33,-0.24301505904257437,-0.9165290496699858,0.07862671194011017,-0.3077921739730471
34,-0.31569957355784917,-0.9254881382628268,0.010112152728361024,-0.2090531739950331
35,-0.383702618929044,-0.9162209360124655,-0.051956318566221404,-0.1030147445780448
36,-0.44486019026190604,-0.8892358476575534,-0.1062553167596775,0.008296144959791682
37,-0.4971551110792179,-0.8454381298706906,-0.15171199804002836,0.12269732572172262
38,-0.5387716541774757,-0.7861052780246472,-0.18752834793361955,0.23790064152487295
39,-0.5681453102926263,-0.7128535424738937,-0.2131981390171231,0.35156405802435425
40,-0.5840064240581756,-0.6275964236397448,-0.22851616129229996,0.46134541259409506
41,-0.5854165685196181,-0.5324961914807602,-0.23357952480169758,0.5649565053653366
42,-0.5717967097542858,-0.42990964505583773,-0.22878103546164488,0.6602162203515104
43,-0.5429464174463032,-0.32232946763668435,-0.21479484616926434,0.745101386479987
44,-0.4990536004913562,-0.21232263874803936,-0.1925547809582397,0.8177941411148704
45,-0.44069448328909383,-0.10246743400100339,-0.16322591542593726,0.8767246420063564
46,-0.368823782419664,0.004709425061566241,-0.12817016718338003,0.9206080854964432
47,-0.2847552888033542,0.10679391641632918,-0.08890680141623641,0.9484751264935283
48,-0.19013330107967935,0.20154264980431907,-0.04706888499807974,0.9596949558038923
49,-0.08689558580145518,0.28693616093071556,-0.0043568247522608045,0.9539904689233758
50,0.022771246626944824,0.3612262618042019,0.03750980114164589,0.9314451529361948
51,0.1364828698677678,0.42297629278502746,0.07684086679311578,0.8925015199790841
52,0.25171362821384535,0.4710933018534936,0.11202351434783019,0.8379511218163964
53,0.3658568025685152,0.5048513805982672,0.14156791967852256,0.7689163853373534
54,0.47628727675189836,0.5239056093460351,0.16414981806657378,0.6868247081524742
55,0.5804250618614113,0.5282963001303956,0.17864868222892819,0.5933754420007449
56,0.6757981115137934,0.5184434699178161,0.18418055538874592,0.4905005647200194
57,0.7601028748290628,0.4951317215784776,0.18012467769982482,0.380319994802879
58,0.8312610866656617,0.4594859503857089,0.16614320181184114,0.2650926322727113
59,0.887471384600709,0.41293852334732783,0.14219346875507907,0.14716431256941342
60,0.9272544672594989,0.3571887916853451,0.10853250422877511,0.02891393379490942
61,0.9494906657481997,0.29415598797182174,0.06571359305592503,-0.08730093977181211
62,0.9534489852485569,0.2259267240301003,0.014574991057335535,-0.19919768455783268
63,0.9388068827061604,0.1546984396206834,-0.043778966160381405,-0.304620143595915
64,0.9056602738092846,0.08272025181654115,-0.10800390404468224,-0.40158683381580906
65,0.85452350247883,0.01223271835224829,-0.17654796329679087,-0.48833468130861
66,0.7863192529174937,-0.05459194646282607,-0.24769006410562489,-0.5633572436882541
67,0.702358631773211,-0.11570767806059848,-0.31958292999178334,-0.6254365167379946
68,0.604311890014589,-0.16924891667362765,-0.3902997974075205,-0.6736675826662937
69,0.4941704846855284,-0.2135801263987296,-0.45788364059701436,-0.7074755355111565
70,0.3742013940775817,-0.2473392170623922,-0.5203976738195204,-0.7266243110828248
71,0.24689479073335707,-0.2694737629051086,-0.5759758565980074,-0.7312172495439954
72,0.11490634033265235,-0.27926909510562936,-0.6228721231266459,-0.721689423299208
73,-0.01900447314833656,-0.2763675513609432,-0.6595070845040603,-0.6987919662131683
74,-0.15203849786096538,-0.2607783899502245,-0.6845110114064236,-0.6635688372478812
75,-0.28142198120544376,-0.23287811231730118,-0.6967619937411091,-0.6173266375071207
76,-0.40447097253890657,-0.19340118127234687,-0.6954182905434739,-0.5615982697921041
77,-0.5186534972011355,-0.1434213653440231,-0.6799440250168904,-0.4981013798893941
78,-0.6216479930737853,-0.08432417750286897,-0.6501275426655418,-0.428692645217367
79,-0.711396593634839,-0.01777110246353178,-0.6060919308901382,-0.3553190760314488
80,-0.7861519691677815,0.05434348461266164,-0.5482973917314485,-0.27996756468252204
81,-0.8445165972571818,0.12994161918830757,-0.4775353608535495,-0.2046139577212274
82,-0.8854735209824622,0.2068160206427046,-0.3949144703503794,-0.13117293300188232
83,-0.9084078636524092,0.2826879627818285,-0.30183865544795063,-0.061449939219646754
84,-0.913118597272782,0.3552672735858717,-0.19997790061821968,0.0029036008295174054
85,-0.8998203025326518,0.4223129400666724,-0.09123230414975662,0.060430708102890474
86,-0.8691349049532682,0.4816927762129608,0.022309692742204415,0.1099038850353952
87,-0.8220736188341259,0.5314406328314152,0.1384179198068926,0.15035391072081472
88,-0.760009571621057,0.5698096871488021,0.25477082013263375,0.18109169137403427
89,-0.6846418103288296,0.5953204458719116,0.3690083118029328,0.2017226415077948
90,-0.5979516029947464,0.6068022256345407,0.47878589469749694,0.21215326177011548
91,-0.5021521365806525,0.6034270361608597,0.5818286947552016,0.21258977801640255
92,-0.39963287361195154,0.5847349800279109,0.6759841367157711,0.2035289079444168
93,-0.29289995916490896,0.5506504939226835,0.7592719673606496,0.1857410214362664
94,-0.1845141643968648,0.5014889845035189,0.8299304138359859,0.16024615361557154
95,-0.07702791033341877,0.43795365170182626,0.886457354232312,0.12828351070246827
96,0.027077065317920757,0.3611225375583007,0.9276454979408434,0.09127527349346176
97,0.12544985540782663,0.2724260833566973,0.9526107184391963,0.05078564757727257
98,0.21592685994558267,0.17361571578817783,0.9608128474979284,0.00847622960530131
99,0.2965832024848718,0.06672420820456862,0.9520684232340549,-0.03394114794629933
100,0.3657778263269256,-0.045981229933804144,0.9265550804341393,-0.07475286738988557
101,0.42219117140637336,-0.16205199872106055,0.8848074752807052,-0.11229201300362901
102,0.4648545207457282,-0.2789159963523949,0.8277048430026183,-0.14498563511955748
103,0.4931703158569992,-0.39393893475227654,0.756450490927361,-0.1713995624834082
104,0.5069229681600058,-0.5044875779708323,0.6725437258955684,-0.19027959634043803
105,0.5062799326766796,-0.6079933478217192,0.5777448991464517,-0.20058801131596088
106,0.49178305496474606,-0.7020147286250227,0.4740344190442441,-0.20153440699906036
107,0.46433044635391435,-0.7842969292574339,0.3635667282575527,-0.1926000972228067
108,0.42514937994203195,-0.8528273253737964,0.2486203636153182,-0.17355538777713062
109,0.3757609245670801,-0.9058853060694688,0.13154531084684978,-0.1444692735848177
110,0.3179372404807598,-0.9420852849062741,0.014708930457887126,-0.10571127869498693
111,0.2536526435568049,-0.960411801777511,-0.0995582364674168,-0.05794536197676611
112,0.18502970000451666,-0.9602458354200937,-0.20901547350154273,-0.0021160131213733002
113,0.11428173685899837,-0.9413816617074481,-0.3115624281343733,0.06057313758115718
114,0.04365324191451536,-0.9040338248391366,-0.4052859715275085,0.12868768122893134
115,-0.024640321939181017,-0.848834031430466,-0.4885022585618837,0.20059707126519494
116,-0.08847175009357036,-0.7768180252723905,-0.5597929888222342,0.2745146894298257
117,-0.14585886517944613,-0.6894027470310654,-0.6180350144931508,0.34854234275771245
118,-0.19501737324409663,-0.5883543222696254,-0.6624226073304333,0.42071808244616055
119,-0.23440845896076748,-0.47574764696682015,-0.6924818797702808,0.48906614783993324
120,-0.26277990574458876,-0.35391854657269456,-0.708077050288768,0.5516477810914251
121,-0.279199691226795,-0.22540966744534638,-0.7094084454654087,0.6066116317244447
122,-0.2830811995022764,-0.0929114137169863,-0.6970023358010189,0.652242476060388
123,-0.27419940412267996,0.04080063558512981,-0.6716929041019335,0.6870070141517687
124,-0.2526976046268543,0.17293030800806353,-0.6345968391549084,0.7095955756081656
125,-0.21908453874435832,0.3007258478372713,-0.5870812286639746,0.7189586638160249
126,-0.17422193627358862,0.4215437751131006,-0.5307255895053741,0.7143373931334207
127,-0.11930282290901566,0.5329100427466924,-0.4672790162140792,0.6952870225969002
128,-0.055821116895252654,0.6325770083783704,-0.39861354671184857,0.6616929588241348
129,0.014466717565258719,0.718574841643874,-0.32667493470928877,0.6137787859416858
130,0.08958699427669613,0.7892561255710432,-0.25343207874213836,0.5521060769177332
131,0.16739996273595514,0.843332579485151,-0.18082638696203165,0.47756594375350825
132,0.2456555067518751,0.8799030258583761,-0.11072235390501228,0.39136248853650835
133,0.32205197446026473,0.8984719401459343,-0.04486059061891229,0.2949885182951478
134,0.3942966487802044,0.8989581554216504,0.015185516347216654,0.1901940789164417
135,0.4601663233313048,0.8816935367724671,0.06804843681822609,0.07894854230449738
136,0.5175664433220425,0.8474116878918678,0.11259946162411111,-0.03660285799206767
137,0.5645873040891356,0.7972269979775972,0.14797518789126066,-0.15418700829037932
138,0.5995558710124962,0.7326045747887975,0.1735968790748206,-0.2714542652242835
139,0.6210818916985552,0.6553218336500057,0.1891822359707763,-0.38603194134532076
140,0.6280971119618015,0.5674227167492487,0.19474930850239125,-0.4955786368478634
141,0.619886577747843,0.4711656971943452,0.19061247816546556,-0.5978381049105631
142,0.5961112014883785,0.36896687350572877,0.17737064261453098,-0.6906913470241242
143,0.5568209885714193,0.26333957879781145,0.15588793191640998,-0.7722056757158443
144,0.5024585522382985,0.1568320119110147,0.12726747551809425,-0.84067955428795
145,0.4338527874834759,0.05196444316699994,0.09281891521759891,-0.8946821247890174
146,0.35220282039172335,-0.04883244586737928,0.05402051796841008,-0.9330864639341583
147,0.2590525926645573,-0.14327656134002562,0.012476879213829312,-0.9550957589108174
148,0.1562566757888675,-0.22928927764423584,-0.03012668079536638,-0.9602617671932228
149,0.04593812952228078,-0.3050448486959815,-0.07207184140103141,-0.9484951123844046
150,-0.06956058039324028,-0.3690131389942335,-0.1116558865253581,-0.9200671670640217
151,-0.18773241513558192,-0.4199946333743186,-0.14723992765027133,-0.8756034787217767
152,-0.3059650103114302,-0.457146879985708,-0.17729549165659012,-0.8160689010265666
153,-0.421602889240465,-0.4800017374895693,-0.2004482615495627,-0.7427447948204312
154,-0.5320111162487677,-0.4884730293548811,-0.2155178299206309,-0.6571988563341447
155,-0.6346388250933512,-0.4828544496294582,-0.22155242568478523,-0.5612483094231567
156,-0.7270810573560655,-0.46380780963161616,-0.217857701666758,-0.45691735968683117
157,-0.8071373842262289,-0.432341957520476,-0.20401882080458622,-0.346389947182809
158,-0.8728658616067257,-0.38978293659582386,-0.17991524833217754,-0.2319589476563797
159,-0.9226309810520564,-0.33773616760787034,-0.1457278420420111,-0.11597305698414523
160,-0.9551444249049141,-0.278041639842623,-0.10193802798319757,-0.0007826478010035665
161,-0.9694976095368985,-0.21272327030998658,-0.04931904982149597,0.1113140902831665
162,-0.9651852014754195,-0.1439337356440089,0.011080518463599642,0.2181234253971731
163,-0.9421190124377194,-0.07389619370604242,0.07796060990084157,0.3176055135904049
164,-0.900631915410635,-0.004844388564201052,0.1498002776828464,0.4079197980600477
165,-0.8414716690564934,0.061037328398786075,0.22489433657001578,0.4874652932219365
166,-0.7657847858105123,0.12167252798532067,0.3013951300618129,0.5549147982617073
167,-0.6750908239076843,0.175148288080913,0.3773583883666203,0.6092422370349231
168,-0.571247719160671,0.21976641439580102,0.45079203546575813,0.649742493006254
169,-0.456408992758117,0.2540889888447214,0.5197067252872516,0.6760432950400355
170,-0.33297387119331656,0.27697708160363227,0.5821668391743079,0.688108907611773
171,-0.20353152870723815,0.28762163640009863,0.6363406606862355,0.6862355824744382
172,-0.07080080701303768,0.28556573703163657,0.6805484597491167,0.6710389329189377
173,0.06243312202048504,0.2707176814864425,0.71330726592145,0.6434335914366343
174,0.19338361036008897,0.24335452288715428,0.7333711889035158,0.6046057018592437
175,0.31932732749009235,0.20411597795236383,0.7397662514814582,0.5559789731920224
176,0.43766741915713425,0.15398884771760912,0.7318188332226777,0.4991751799995022
177,0.5459934978128098,0.09428233575788848,0.7091769791407855,0.43597012944343067
178,0.642137010526769,0.026594880075387184,0.6718240023686372,0.36824622456572254
179,0.7242206451791993,-0.047226669633946394,0.6200839992838212,0.297942834456028
180,0.7907005838111107,-0.12513450285329702,0.5546190948237635,0.22700573255602288
181,0.8404005894251213,-0.20493273168018933,0.4764184399579023,0.15733688330484283
182,0.8725371148734756,-0.28433437207484014,0.3867791873768786,0.0907458441867029
183,0.8867348447085335,-0.36102098242676145,0.2872798703371652,0.02890400536969362
184,0.8830323174764447,-0.4327034492933819,0.17974679831523616,-0.0266971863163874
185,0.8618775210240169,-0.49718237837495727,0.06621425697758078,-0.07478297640386072
186,0.8241136008695592,-0.5524065556819235,-0.0511205453705494,-0.11432611225113853
187,0.7709550654117712,-0.5965279892791991,-0.16994671109267057,-0.14457095320717134
188,0.7039551056632207,-0.6279521248469521,-0.28789188725910797,-0.1650502934298241
189,0.6249648654902659,-0.6453819465338514,-0.40257624510413725,-0.17559449555370976
190,0.5360856956042537,-0.6478548252674018,-0.5116669041962031,-0.17633272951020268
191,0.43961559589071764,-0.6347711560836317,-0.6129314872590421,-0.1676863118454162
192,0.3379911918428047,-0.6059140296848967,-0.7042895106177878,-0.15035434181108845
193,0.23372669839431573,-0.5614594062605849,-0.7838603662206763,-0.12529202627299058
194,0.12935139567892828,-0.5019764960609885,-0.8500067328588038,-0.09368227117734937
195,0.027347174432851507,-0.4284182954063219,-0.9013723645664127,-0.056901288277468764
196,-0.06991229688478964,-0.3421024726510983,-0.9369133405113593,-0.01647911775983181
197,-0.16021927548124143,-0.24468303997539884,-0.9559220196147385,0.025943903490938433
198,-0.24158509217826446,-0.1381134777135815,-0.9580431207423463,0.06866359522591144
199,-0.31228743523642444,-0.024602192492047197,-0.9432815411980267,0.10996010164198292
200,-0.370910611130817,0.0934386166326745,-0.9120017276734493,0.14814652271646161
201,-0.41637780183567213,0.21344944339220198,-0.864918619788191,0.18161674591773222
202,-0.4479745409012147,0.33278393442221255,-0.8030803917920627,0.2088912348901304
203,-0.46536285249292864,0.4487718460466319,-0.727843417816786,0.22865958290944538
204,-0.4685857330516395,0.5587829543354662,-0.6408400753146133,0.2398187202771014
205,-0.45806189842723244,0.6602903481329574,-0.5439401753289356,0.2415057743301975
206,-0.4345709641532754,0.750931546798734,-0.43920696270680104,0.23312471565070186
207,-0.3992294668414619,0.8285659351344151,-0.32884876047314404,0.21436608098202015
208,-0.35345836447507256,0.8913270961474321,-0.215167437108923,0.1852192383743406
209,-0.2989428669267772,0.9376687457656374,-0.10050495084030509,0.14597684879624945
210,-0.23758563998318263,0.9664031293148851,0.012810730592679453,0.09723137613888985
211,-0.17145459173346858,0.9767309236580146,0.12251902393632871,0.03986369924329568
212,-0.10272658524036912,0.9682618968110648,0.22647814751297102,-0.024975919758524104
213,-0.033628522590646456,0.9410258034501832,0.3227133226222768,-0.09589406191937759
214,0.03362268980051546,0.8954732343839067,0.40946060288971275,-0.17128694028967462
215,0.09687975798948045,0.8324663848469233,0.48520528604814017,-0.24937895056065792
216,0.1541226746676762,0.7532599542518484,0.548713999146017,-0.32826603481775396
217,0.20351297620637424,0.6594726326672814,0.5990597069230873,-0.4059627850181942
218,0.24344319544810641,0.5530498607532972,0.6356390701148804,-0.4804521148400395
219,0.27258024534934056,0.43621876443567165,0.6581817713208562,-0.5497362597650335
220,0.28990162264029173,0.3114363579146121,0.6667516260373965,-0.6118878274127498
221,0.2947235026853129,0.1813322739104118,0.661739500531521,-0.665099614223069
222,0.28672000213574217,0.04864741424852109,0.643848261332488,-0.7077319307770044
223,0.2659331096159918,-0.08382998634791147,0.6140701781915195,-0.7383562357390338
224,0.2327730209658666,-0.21332932752874786,0.5736573885046241,-0.7557939661975408
225,0.188008858553719,-0.33716206151812206,0.5240862017859649,-0.7591495679217232
226,0.13274999778395052,-0.452783996765506,0.46701617358595693,-0.7478368698924536
227,0.06841846203990355,-0.5578539748981481,0.40424500553390885,-0.7215981099222194
228,-0.0032869260430235525,-0.6502874995055308,0.3376604288018298,-0.6805150982347116
229,-0.08043373957583222,-0.728304021047262,0.2691902997563369,-0.6250121990660114
230,-0.16090540419375,-0.7904667398840477,0.2007521771392406,-0.5558510118837449
231,-0.24245567213704367,-0.8357139751584962,0.13420365881786786,-0.4741168386940687
232,-0.3227667403066637,-0.8633813563735009,0.07129473279403747,-0.381197227028595
233,-0.3995095444940105,-0.8732143218273422,0.013623342376153591,-0.27875307452350345
234,-0.470404704277861,-0.865370647910222,-0.03740471939103179,-0.16868296563665425
235,-0.5332825736108675,-0.8404129796827365,-0.08061058362424417,-0.05308157939919236
236,-0.5861408713974043,-0.7992915800161895,-0.11507088311091135,0.06580684502992108
237,-0.627198423938972,-0.7433177557436695,-0.14013942795462178,0.18563887453121813
238,-0.6549436455821356,-0.6741286487588642,-0.15546145065348785,0.30402487298713676
239,-0.6681765129127485,-0.5936442921103866,-0.16098008176065967,0.4185833433294419
240,-0.6660429482014919,-0.5040180206114259,-0.15693491543570284,0.526995311522969
241,-0.6480607155370189,-0.40758148762243673,-0.14385272568106094,0.6270574401434535
242,-0.6141361435158336,-0.3067856704569356,-0.12253059380774578,0.7167325883555944
243,-0.5645712162561237,-0.20413934307753032,-0.09401190067227204,0.7941965958847605
244,-0.500060814189321,-0.10214655402550815,-0.05955581862652509,0.8578801595099104
245,-0.421680131586188,-0.003244668418196317,-0.020601103369727036,0.906504789448054
246,-0.3308625429718851,0.09025548513247084,0.021274869161685236,0.939111976818438
247,-0.22936842936016236,0.17622587819694566,0.06440075472403697,0.9550848686151103
248,-0.11924570163075109,0.2527725656364306,0.1070584213465,0.9541619291938647
249,-0.0027829667318030604,0.31828072488661435,0.14753143370620814,0.936442262678491
250,0.11754353249642699,0.3714523474349103,0.18415358272683063,0.9023824740774988
251,0.23912791584086746,0.4113356651470349,0.21535619993373095,0.8527851532442075
252,0.35929618911497996,0.43734560341467604,0.23971302607764855,0.7887792700052426
253,0.475369788509726,0.4492747798432061,0.2559814646479593,0.7117929657742785
254,0.5847295887408441,0.44729480569522156,0.26313914161046237,0.6235194118883146
255,0.6848788032025195,0.4319478915809685,0.260414810756047,0.5258765731818914
256,0.773503228686112,0.4041290028270409,0.24731278648348443,0.42096186279514114
257,0.8485273499762325,0.36505904745780804,0.22363024909612111,0.31100279725545044
258,0.9081649192609238,0.3162498048508796,0.18946694768212116,0.19830485644985857
259,0.9509627593345823,0.259461510250929,0.14522701786182698,0.08519781886894906
260,0.9758367047222984,0.19665419427033917,0.09161283130781647,-0.02601812315236285
261,0.9820987870272885,0.12993403267547518,0.029610995968561094,-0.13312516137067476
262,0.9694749852403212,0.06149608625652542,-0.039529174711659676,-0.23403830608475518
263,0.9381130931390765,-0.006435099699889521,-0.11432421358968854,-0.326852242091111
264,0.8885804985086568,-0.07166551410636458,-0.19309138343779042,-0.4098834827119303
265,0.8218519167170503,-0.13209078032080476,-0.2739890409507083,-0.48170681766159307
266,0.7392873680334199,-0.1857528256068918,-0.3550614885666421,-0.5411851943485815
267,0.6426009278593452,-0.23089266980723175,-0.4342872049992775,-0.587492337071314
268,0.5338210058044377,-0.2659979820454504,-0.5096292564309224,-0.620127590338758
269,0.4152431176523125,-0.28984418709229226,-0.5790866312054506,-0.6389226666900448
270,0.28937629856823943,-0.3015280665180171,-0.6407452131002965,-0.6440401810585349
271,0.1588844618251751,-0.3004929898084695,-0.6928271125825896,-0.6359640578971102
272,0.026524131005149387,-0.2865451224805218,-0.7337371117989837,-0.6154820988671648
273,-0.10491993799608004,-0.2598601865828844,-0.7621050465458943,-0.5836611928758783
274,-0.2326996779562466,-0.22098058808711799,-0.7768230454727206,-0.5418158318010096
275,-0.35416759497228323,-0.17080296956648489,-0.7770766709037974,-0.4914707598585001
276,-0.46683806434091285,-0.1105564891129365,-0.7623691538658813,-0.434318728160866
277,-0.5684445505172335,-0.04177236157310853,-0.7325380845149347,-0.37217444502686636
278,-0.6569913659859778,0.033754580005430246,-0.6877641039958099,-0.3069259040931195
279,-0.7307987200480612,0.11401134190145594,-0.6285713402604058,-0.24048433399534205
280,-0.7885399754752687,0.19681810646084302,-0.5558195336401067,-0.17473404382296245
281,-0.8292702245573849,0.2798841578244109,-0.47068800297029556,-0.11148343698189195
282,-0.8524455114384586,0.3608669882138856,-0.37465180470592463,-0.052418432602055254
283,-0.8579322594506464,0.4374330933892632,-0.26945063073480086,0.00094053092793428
284,-0.8460067046370392,0.5073189202781446,-0.1570511706823872,0.04727682967680191
285,-0.8173443837773581,0.5683904226786585,-0.039603826925877744,0.08551036549805041
286,-0.7729999708483405,0.6186997125579755,0.0806051887493743,0.11482384027640555
287,-0.714377993859404,0.6565373640468046,0.2012052324196732,0.13468194365552819
288,-0.6431951884921158,0.6804790330567365,0.3197948473893534,0.14484298620912892
289,-0.5614354503661141,0.6894251949048897,0.4339963367123417,0.14536270299778772
290,-0.4712985289604934,0.6826329719619308,0.5415099745366035,0.13659015216136897
291,-0.3751437587481963,0.659739218931875,0.6401665489176757,0.119155834612784
292,-0.2754302431795729,0.6207742500621808,0.727976967937374,0.09395235896181228
293,-0.17465499181724015,0.5661658249781879,0.8031777314107666,0.06210816553354548
294,-0.07529055809967994,0.4967332521499971,0.8642711704350046,0.024954999988560017
295,0.020276266246777253,0.4136717151948921,0.9100594840623457,-0.016010013834529185
296,0.10980317439781043,0.3185271711566348,0.9396717533294057,-0.0591667146456174
297,0.19124702776529745,0.21316240550058066,0.9525832840130398,-0.10281755818478268
298,0.26281314659638055,0.09971504994007047,0.948626816577914,-0.14523540085258396
299,0.3229979931795019,-0.019451429162464076,0.9279953402026645,-0.18471217303603504
300,0.37062420138507846,-0.1418025872358586,0.8912364526106593,-0.2196071791605578
301,0.40486710058738773,-0.2646923705693819,0.8392384136195941,-0.2483937699089772
302,0.42527209738951505,-0.38542555107801213,0.7732082427596736,-0.26970317218496404
303,0.4317625096058887,-0.5013217009008374,0.694642404986379,-0.28236433326369936
304,0.4246376878581365,-0.6097791398186266,0.6052908086417186,-0.28543873539939846
305,0.40456150487787024,-0.7083372861554323,0.5071150019471843,-0.27824926345458467
306,0.37254153505874654,-0.7947358784221492,0.4022415944394833,-0.2604023577224844
307,0.329899480893904,-0.8669696095824311,0.2929120444321281,-0.23180285328918399
308,0.27823362281897196,-0.9233368266429738,0.18143003998070345,-0.19266109179207289
309,0.21937426915733632,-0.9624810925576934,0.07010775683026849,-0.14349208665590016
310,0.15533335833061357,-0.9834245816238649,-0.03878769893220624,-0.0851067239365038
311,0.08824951186911642,-0.9855924793267059,-0.14308636388041124,-0.01859518273592768
312,0.02032995037972818,-0.968827778009266,-0.24076474644453166,0.05469704329015429
313,-0.04620923733310241,-0.9333960953443026,-0.32999122408271037,0.13319995348910002
314,-0.10920294128810806,-0.8799803875225408,-0.40916642071878134,0.2151559326299971
315,-0.16659546080928248,-0.8096656772734439,-0.476957603981366,0.2986618279717557
316,-0.2164960223888693,-0.723914162143375,-0.532326292568915,0.3817151770337234
317,-0.25722996310233615,-0.624531304787382,-0.5745484346245023,0.4622634440375715
318,-0.28738426778339554,-0.5136237285215605,-0.6032267040691701,0.5382550432908723
319,-0.3058462912283888,-0.3935499425398758,-0.6182946587659556,0.6076908784984271
320,-0.3118346691974273,-0.26686509703380107,-0.6200127072543687,0.6686751093877901
321,-0.304921619590549,-0.13626111460595064,-0.6089560345486535,0.7194638716012081
322,-0.2850460529476395,-0.004503657219796731,-0.585994837055787,0.7585107222146433
323,-0.252517143893806,0.1256325353167372,-0.5522674070726834,0.7845076603799462
324,-0.20800825650056187,0.2514283605706505,-0.5091467838301138,0.7964206785636662
325,-0.15254136070869598,0.37028354781831235,-0.45820184627781047,0.7935189320714598
326,-0.08746231783990575,0.4797767960055173,-0.4011538588242376,0.7753967697399679
327,-0.014407644770696712,0.577721396880377,-0.33982959168615007,0.7419880430122671
328,0.0647364172535584,0.6622149978917404,-0.2761122196396387,0.6935722997742084
329,0.14788150735608252,0.731682305678322,-0.21189125477536652,0.6307726686287766
330,0.23279023117024078,0.7849097067445934,-0.14901278908643248,0.5545454437812123
331,0.31713339567270404,0.8210709828482206,-0.08923131088668632,0.4661615853233691
332,0.3985499527440509,0.839743519705022,-0.03416431550164695,0.36718054935881245
333,0.4747081402621478,0.8409146433465549,0.014749143482582217,0.259417052139447
334,0.5433662761331073,0.8249779629754566,0.05628491899633192,0.14490154747166345
335,0.602431665958191,0.7927198463718536,0.08946433684945362,0.025835352738219935
336,0.6500161289195843,0.7452963976630408,0.11357810106581256,-0.09545850791404058
337,0.6844867278776705,0.6842015415196336,0.12820294642152938,-0.2165875676725636
338,0.704510406601859,0.6112270367654498,0.13321063198526026,-0.3351440347711657
339,0.7090913866141059,0.5284154405510536,0.12876906507542915,-0.44875946284899315
340,0.6976003546000119,0.438007216727291,0.11533554579723784,-0.5551586577118324
341,0.6697946743041657,0.3423833245934111,0.09364232315612311,-0.6522115213855573
342,0.6258290792282952,0.2440047332594042,0.0646748496173527,-0.7379815834871815
343,0.5662565387587171,0.14535037976733073,0.029643306972579414,-0.8107700498700117
344,0.4920192346803651,0.04885512407545489,-0.010051852188947025,-0.869154307257171
345,0.40442983130072235,-0.04315074981551087,-0.0528594505317376,-0.912019957475663
346,0.3051434644709734,-0.12849897979313438,-0.09712119279587893,-0.9385856126069052
347,0.19612110661569462,-0.20523629185936293,-0.14111820271931147,-0.9484198589785681
348,0.07958518068301579,-0.2716715754590509,-0.18311928404850747,-0.9414499890662356
349,-0.0420315096846999,-0.3264161049013925,-0.2214296547584735,-0.9179623013218839
350,-0.1661422983407141,-0.36841582093340236,-0.25443889034614325,-0.8785939737258912
351,-0.2900672501210917,-0.3969748880311851,-0.2806668307578176,-0.8243167223781024
352,-0.4110963528449128,-0.4117699638632954,-0.2988062557044872,-0.7564126566164113
353,-0.5265537638493156,-0.41285485211272155,-0.3077612135616019,-0.6764429320276715
354,-0.6338615381124633,-0.40065545253963675,-0.30667999773755106,-0.586209977601593
355,-0.7306012750187155,-0.3759551667475538,-0.2949818986147845,-0.4877142288538059
356,-0.8145721695681838,-0.33987115845921234,-0.2723770155651696,-0.38310643117075527
357,-0.8838440401396382,-0.29382209720057295,-0.2388785882064935,-0.2746366836436255
358,-0.9368040266579315,-0.23948822837654118,-0.19480749462992053,-0.16460147065735498
359,-0.9721958071899534,-0.17876480544587314,-0.14078876206879815,-0.055289974600363334
360,-0.9891503637844888,-0.11371008644778904,-0.07774013744486316,0.05106902285245135
361,-0.9872075352548262,-0.04648923333612251,-0.006852966358009319,0.15235836167407912
362,-0.9663278204542246,0.020684444963338076,0.07043417566357216,0.24662060751554332
363,-0.9268941348144306,0.08560939869846634,0.1524684713633359,0.33210188036387583
364,-0.8697034695752764,0.1461553573577284,0.23742167205611453,0.40729035854342993
365,-0.7959486511119637,0.20032093881936847,0.32333378327910495,0.4709485437433665
366,-0.7071906409148185,0.24628787156843882,0.4081605530724454,0.5221385301204795
367,-0.6053220490637639,0.2824704399472281,0.4898235908004602,0.560239696352026
368,-0.4925227497046719,0.3075588833809593,0.5662618741800141,0.5849584294007104
369,-0.3712086807297764,0.32055563346160076,0.6354833628539984,0.5963296879601633
370,-0.24397507678672906,0.3208034538440918,0.6956154294572956,0.5947104171019285
371,-0.11353552075572496,0.3080047525745516,0.7449528438954652,0.5807650284670021
372,0.017341699427057045,0.28223155960087554,0.7820021029166856,0.5554433573822957
373,0.14589837677267817,0.2439258982218857,0.8055209836404029,0.5199516946282052
374,0.26945073568403966,0.19389052219794894,0.8145523143920887,0.47571766160152584
375,0.38545178093421684,0.1332702340847852,0.8084510961619275,0.4243498490587731
376,0.4915501304582541,0.06352423895064706,0.7869042698017814,0.3675932677293484
377,0.5856439058492178,-0.013609784987953982,0.7499426037007154,0.30728176068365376
378,0.6659283782637418,-0.09615900682833634,0.6979443696874308,0.2452885999194084
379,0.7309362233699963,-0.1819650743194126,0.6316306765160827,0.18347653140761663
380,0.7795694231195147,-0.26873881455206317,0.5520525354998791,0.12364854280746748
381,0.8111220599041992,-0.35411863217347794,0.460569936571919,0.06750060600094196
382,0.8252934748929859,-0.4357311372701224,0.3588234102165083,0.016577593098654808
383,0.8221915013959918,-0.5112524757438871,0.2486987364274264,-0.027766518999565948
384,0.8023257300257021,-0.578468813905271,0.13228563149662495,-0.06440315192046231
385,0.7665910090971918,-0.6353344466831592,0.011831392796238849,-0.09245747008033633
386,0.7162416249964273,-0.6800260548920766,-0.11030939292681693,-0.11132985728237574
387,0.6528568371505825,-0.7109917300359196,-0.23172787399615113,-0.12070999303907945
388,0.5782986550449444,-0.7269935128673504,-0.350015418591857,-0.12058318527042369
389,0.4946629351651883,-0.7271423512035439,-0.46281825012016,-0.11122881378338606
390,0.4042250390787272,-0.7109245693705722,-0.5678909182854184,-0.09321094021633372
391,0.30938142605979524,-0.6782191514698915,-0.6631473182326828,-0.0673613398728651
392,0.21258865144366088,-0.6293053682141035,-0.746708029087188,-0.03475540405465427
393,0.11630130285859408,-0.5648605167048845,-0.8169428324345902,0.003318456723265667
394,0.022910429142767474,-0.4859477882573413,-0.8725073885586208,0.04539511245626837
395,-0.06531599942442243,-0.3939945250920813,-0.9123731906826071,0.08987377448562375
396,-0.1462891155239813,-0.29076136629445215,-0.9358500815256887,0.13506275377823856
397,-0.21815027135881127,-0.17830301090680867,-0.9426007981209811,0.17922675801714644
398,-0.2793159811673791,-0.058921535698398,-0.9326472055586004,0.220635503170226
399,-0.3285155812489835,0.06488660818504187,-0.906368083288018,0.25761238043171225
400,-0.36482068436193693,0.19048863651795395,-0.8644885338200959,0.2885819164687878
401,-0.3876657135391013,0.31517710075364436,-0.8080612880044948,0.31211479384237645
402,-0.39685902620593416,0.4362336813009414,-0.738440378467844,0.32696925859441156
403,-0.3925843773239037,0.5509935470905352,-0.6572478384002634,0.3321278318117476
404,-0.3753927141565161,0.6569087064906179,-0.5663342520847694,0.3268283592508568
405,-0.3461845390594255,0.7516087969331035,-0.467734132197988,0.31058857491216546
406,-0.3061833143259752,0.8329578213946501,-0.36361722330565976,0.28322351724622014
407,-0.2569006086278206,0.899105437652503,-0.2562369280709431,0.24485531638728303
408,-0.20009389233494046,0.9485315385951221,-0.14787712010551612,0.19591506294801012
409,-0.13771807378318573,0.9800830255397844,-0.04079864348012918,0.1371366686645631
410,-0.07187202576022028,0.9930018674461116,0.06281319719132172,0.06954283155198347
411,-0.004741477171539827,0.9869437523849827,0.16089888053465884,-0.005576581854501689
412,0.061460264113607575,0.9619868683382162,0.2515714303726892,-0.08669323214736548
413,0.12455223712516719,0.9186305926452069,0.33315857002234217,-0.17207539540588876
414,0.18244486641761082,0.8577841171722368,0.4042392606771927,-0.2598285957550863
415,0.23319660034417922,0.7807452834133753,0.4636737579690283,-0.34794079120816157
416,0.27506669679208373,0.6891701421101741,0.5106264843464726,-0.43433100398623603
417,0.30656280168018246,0.5850339796380306,0.5445811955556725,-0.5169001961133636
418,0.3264820971301605,0.4705847627058055,0.5653481127383397,-0.593583130476105
419,0.3339449586545281,0.3482901386625008,0.5730628926484881,-0.6623999282676841
420,0.32842024989083074,0.22077928629753102,0.5681775122132556,-0.7215060365781796
421,0.30974159461225825,0.09078103755689476,0.5514433450427476,-0.7692393548143623
422,0.2781141936703027,-0.038940219029344636,0.5238869015095823,-0.8041633348069002
423,0.23411199346549066,-0.16564928943308216,0.4867788858378681,-0.8251049652791903
424,0.17866525651093704,-0.2867040016664003,0.4415973887400671,-0.8311866744614635
425,0.11303882753710559,-0.3996165564575674,0.38998617841435024,-0.8218513320058549
426,0.03880162429651783,-0.5021109108969048,0.333709172584494,-0.7968796993544283
427,-0.042211895146237854,-0.5921748048447693,0.2746022667601721,-0.7563998621796526
428,-0.12794733289601584,-0.668105174165455,0.2145237567352378,-0.7008883748888608
429,-0.21618188356878937,-0.7285458600795072,0.1553046249849874,-0.631163050594637
430,-0.30458051072983605,-0.7725167159892231,0.09869996031168862,-0.5483675353585831
431,-0.39075535995142513,-0.7994334272391568,0.046342747860534245,-0.4539480078187691
432,-0.4723269164563949,-0.8091175900891553,-0.0002987966751675786,-0.34962253949032
433,-0.5469853680582525,-0.8017968379528302,-0.0399592676057379,-0.23734383225911698
434,-0.6125506253635397,-0.778095049669424,-0.07160852337381629,-0.11925621336804751
435,-0.667029481218979,-0.7390129200929799,-0.09447773703440651,0.002352089549029851
436,-0.7086684594456251,-0.6858994114915178,-0.10807839026417854,0.12510025363868416
437,-0.7360010073369427,-0.6204148292303009,-0.11221373878996363,0.24656851724605375
438,-0.7478878246290077,-0.5444864713762838,-0.10698246959804719,0.3643528996160108
439,-0.7435492902576021,-0.46025798408887153,-0.09277446967642883,0.476119668587767
440,-0.7225891430150687,-0.3700337084370813,-0.07025882733759772,0.5796582460365718
441,-0.6850087883728425,-0.2762194257962497,-0.04036438531026107,0.6729312781133653
442,-0.6312118358687028,-0.18126099523086187,-0.004253354793638198,0.754120665968108
443,-0.5619987137977651,-0.08758242514101983,0.03671132323725887,0.8216684509230283
444,-0.47855145445950825,0.002475068245167744,0.08100402345569688,0.874311573557083
445,-0.3824089877612634,0.0867114914379537,0.12697890396489658,0.9111096757689965
446,-0.2754335174673826,0.16312253574880436,0.17291569857479194,0.9314652848994538
447,-0.15976877691750013,0.22994871617362772,0.21706764993947922,0.9351359052042325
448,-0.03779116406508426,0.28571796905931035,0.2577103440329233,0.9222377397686875
449,0.08794506585748763,0.3292806574663038,0.2931901818510164,0.8932409704419344
450,0.21476722231868234,0.3598361262043635,0.32197123156998325,0.8489567294845267
451,0.3399467717294746,0.3769501628489266,0.3426792434953354,0.790516099264485
452,0.4607635746017147,0.38056295126682005,0.354141680038703,0.7193416704895487
453,0.5745701990439969,0.3709873445191681,0.35542271192607366,0.6371123703274666
454,0.6788547376054546,0.34889752844530786,0.3458522574053488,0.5457224348723507
455,0.7713005890266479,0.31530838964171004,0.3250482902527724,0.44723554173661895
456,0.8498417391236366,0.27154613586424803,0.2929318111550744,0.34383523460215826
457,0.9127121840334722,0.21921093723613921,0.2497340613508461,0.23777285949854038
458,0.9584882816956546,0.16013255752193795,0.1959957526419625,0.131314290234946
459,0.9861229902069186,0.09632012110459463,0.13255828914994966,0.026686746399417094
460,0.9949711502904752,0.029907308765338744,0.06054715845505712,-0.07397299895958748
461,0.9848051886435591,-0.03690560977347883,-0.01865213204983896,-0.16866776324470237
462,0.9558208539296449,-0.10191141919568575,-0.10342500859945526,-0.2555852605823161
463,0.9086328418357675,-0.16295574855398612,-0.1919649339233485,-0.3331384800566796
464,0.844260413855125,-0.21799547515002893,-0.28231576198316255,-0.4000001711839001
465,0.7641033601239126,-0.26515424479911753,-0.372418311973936,-0.4551306212713464
466,0.669908893645876,-0.3027736838185066,-0.46016001947859875,-0.4977980786168084
467,0.5637302857024942,-0.3294589868299118,-0.5434264414724501,-0.5275913605124487
468,0.44787825465333597,-0.34411770637606476,-0.620153341059203,-0.5444243811038048
469,0.3248662976659578,-0.34599074186300993,-0.6883780586880488,-0.5485325364121757
470,0.19735130278298657,-0.3346747221609744,-0.7462888896720089,-0.5404610872102205
471,0.06807089347672757,-0.31013519339802625,-0.7922712328159685,-0.5210458798700078
472,-0.06022096337646152,-0.2727102556228866,-0.8249493507878932,-0.4913869358079729
473,-0.1848185142901583,-0.22310453328277338,-0.84322268767957,-0.4528156169863145
474,-0.3031273669390332,-0.1623736088141554,-0.8462958204299766,-0.40685623369445023
475,-0.4127246920674892,-0.0918992899568798,-0.8337012751919785,-0.35518309757993954
476,-0.5114150176414336,-0.013356313626402286,-0.8053146134996542,-0.29957413423229956
477,-0.5972802644050679,0.07132869350801903,-0.7613613819406884,-0.24186225278868023
478,-0.6687228163938818,0.16002498064256293,-0.702415718282435,-0.18388572297588057
479,-0.7245005940674389,0.25045097591847165,-0.6293906117029398,-0.12743883143536702
480,-0.7637532972174995,0.3402317962090376,-0.543520019865979,-0.07422407859077762
481,-0.7860192047014369,0.42695952404431725,-0.44633324596213886,-0.025807135007105797
482,-0.7912421528677022,0.5082547392356053,-0.339622169544303,0.016424296753803302
483,-0.7797685584287739,0.581827757691807,-0.22540210127873775,0.05129667049979342
484,-0.7523345984244996,0.6455380335570684,-0.10586718923324279,0.07788091864233734
485,-0.7100439036604267,0.6974502230841026,0.016658560883181628,0.09551614284454785
486,-0.6543363565380451,0.7358854885672406,0.13977348038075366,0.10382607770169713
487,-0.586948803685665,0.7594667362298432,0.2610523960329001,0.1027279170325347
488,-0.5098686927971285,0.7671566303373997,0.378101451976505,0.09243328755360233
489,-0.4252818166508665,0.758287403316014,0.48861227751745356,0.07344135522709938
490,-0.33551549111088413,0.7325816838916563,0.5904141984896778,0.04652425037416941
491,-0.24297860444437533,0.6901637872069064,0.6815232370682685,0.012705193681688431
492,-0.1501000498015591,0.6315611470006999,0.7601867230776631,-0.026770108426702188
493,-0.05926708936299191,0.5576958143806121,0.824922446933719,-0.0704680586200083
494,0.027234803412565567,0.46986619439134164,0.8745514177622175,-0.11680685999278231
495,0.10727911772655616,0.36971943434650123,0.9082234466438449,-0.16410027950216466
496,0.1789510681706452,0.25921511069334197,0.9254349504728874,-0.21060435425712398
497,0.24059463278267557,0.14058107822091714,0.9260385622358822,-0.2545658350496183
498,0.2908526996275044,0.016262541286449703,0.9102443339036296,-0.2942711155832952
499,0.32869933080960495,-0.11113442346404853,0.8786125236221163,-0.32809438151392273
