,0,1,2,3
0,0.9201480515342227,0.0,0.3915706363579545,0.0
1,0.9411256752912355,-0.08921965464124722,0.3137701876759281,-0.08871632239405301
2,0.942449045724804,-0.17783738461835247,0.22582600886798654,-0.17078136480092437
3,0.9242202659019184,-0.26327906672334184,0.12952621883083523,-0.24438492538792095
4,0.886994386146046,-0.3430387415215444,0.0268912045594058,-0.30796467959501217
5,0.831764680802966,-0.4147443990667494,-0.07987342102250966,-0.36024274569470777
6,0.7599373080054384,-0.4762204920938189,-0.1884287193817204,-0.4002548544659186
7,0.6732959893808453,-0.5255455882383855,-0.2963579177537594,-0.427371419202892
8,0.5739575927570334,-0.5611036937212229,-0.4012241325981937,-0.44131000671838244
9,0.46431972499103913,-0.5816279386831225,-0.500628907932388,-0.4421389266620759
10,0.34700163850979815,-0.5862355050313486,-0.5922701282746919,-0.4302718799382956
11,0.22477991913621495,-0.574452896504125,-0.6739978786041795,-0.4064538316810453
12,0.10052055021283948,-0.5462308922135422,-0.7438668718761471,-0.3717384945115337
13,-0.022890964225587687,-0.5019487831595878,-0.8001841470471347,-0.3274580181578722
14,-0.1426196886052436,-0.4424077596703756,-0.8415508552328903,-0.27518567670279187
15,-0.2559498257789968,-0.36881358971051403,-0.8668970957165306,-0.21669251986810686
16,-0.3603500764419199,-0.28274899671545783,-0.8755089334779197,-0.15389910547192906
17,-0.453534178800077,-0.18613640433876663,-0.8670469215201773,-0.08882355274564635
18,-0.533515141411535,-0.08119195777290295,-0.8415556597765228,-0.023527247517173416
19,-0.5986518411205932,0.029628048937313967,-0.7994641426198345,0.039940411918574975
20,-0.6476868499146293,0.14368701842605736,-0.7415768735048334,0.09959681654696725
21,-0.6797745745485665,0.2582326882942636,-0.6690559524280677,0.15357909693120467
22,-0.6944990354066459,0.3704649599423808,-0.5833945640561173,0.20019387079503959
23,-0.6918808702452116,0.47760523348479356,-0.486382506033155,0.2379625183964325
24,-0.6723734177130765,0.576965523976695,-0.3800645928811297,0.2656608298813271
25,-0.6368480081583596,0.6660156368534929,-0.2666929461867691,0.28235201154868267
26,-0.5865688584013605,0.7424467260852188,-0.14867433207896874,0.28741220617770735
27,-0.523158226169281,0.8042296459711614,-0.028513828608428132,0.2805478720478936
28,-0.44855272229297577,0.8496666345872833,0.09124380446744365,0.2618045712721368
29,-0.3649518985177313,0.8774350305057097,0.2080736250447247,0.23156693539988657
30,-0.27476042040558424,0.8866219204751222,0.3195294281099481,0.19054979948370848
31,-0.18052529353600988,0.8767488394165127,0.42330065139964723,0.13978071934343886
32,-0.08486973309730642,0.8477858897944237,0.5172658840892655,0.08057430500363717
33,0.009574651023976727,0.8001549090628837,0.5995416801587717,0.014499010750213925
34,0.10023564143413441,0.7347215849522604,0.6685254949855022,-0.05666278625266746
35,0.1846664632531269,0.6527766921163336,0.7229317097668926,-0.13096041612928927
36,0.2606084330823988,0.556006893287311,0.7618198799389408,-0.20632510693841147
37,0.3260486302462525,0.4464558068808925,0.7846145365590734,-0.28062347057411996
38,0.3792711402881277,0.32647628451246896,0.791116078866155,-0.351712933448454
39,0.4189005836226342,0.198675060116802,0.7815025167098549,-0.41749771005882735
40,0.4439368373425122,0.06585112187319239,0.7563220477728209,-0.47598390125202317
41,0.4537800805675989,-0.0690706857933614,0.7164766808674544,-0.5253323182684021
42,0.4482455378302176,-0.20310920412528716,0.6631973374488227,-0.5639076880267584
43,0.42756755470592156,-0.33329794139932833,0.5980110733598583,-0.5903229832564194
44,0.3923929087188228,-0.4567557530812473,0.5227012565036748,-0.6034777408188667
45,0.3437635297483801,-0.5707554870479312,0.4392617088153887,-0.6025893799165382
46,0.2830890709521946,-0.67278891008473,0.3498459683021295,-0.5872167051754998
47,0.21211002692030023,-0.7606263235388329,0.2567129453865568,-0.557274973501078
48,0.13285233399106644,-0.8323694071504534,0.16217033440004347,-0.5130421133140108
49,0.047574602424796726,-0.8864959974333667,0.06851719369596176,-0.4551559050553698
50,-0.04129068392823941,-0.9218957063750165,-0.022012874791880015,-0.38460215721111696
51,-0.1312005123694272,-0.9378955127164481,-0.10730653403863583,-0.30269413693193054
52,-0.21956762724939458,-0.9342747060224162,-0.18542214946309155,-0.21104373300168164
53,-0.30382807879935114,-0.9112688269972534,-0.2546365838322957,-0.11152503598010316
54,-0.38150832377847044,-0.8695625194974487,-0.3134861968045049,-0.006231210639862705
55,-0.450290176829912,-0.8102714836755132,-0.36080104394487494,0.10257429542072127
56,-0.5080719641145868,-0.7349139888510621,-0.39573144252999515,0.21251102010224332
57,-0.5530243248291237,-0.6453726623548235,-0.41776626452796456,0.32113793151026365
58,-0.5836392392732257,-0.5438475103278702,-0.42674252596148143,0.4260116670077964
59,-0.5987710308972037,-0.4328013423273936,-0.4228460612026861,0.5247451373412442
60,-0.5976682900254601,-0.3148989582326156,-0.4066032951201966,0.6150650547701871
61,-0.5799958937207936,-0.19294160873031596,-0.37886434978741407,0.6948669680937029
62,-0.5458465438690692,-0.06979835580243277,-0.3407779400701629,0.7622664466149646
63,-0.49574150784344995,0.05166396570875913,-0.29375871840105144,0.8156451479728911
64,-0.4306205165032807,0.16865045205812587,-0.23944791826975662,0.8536906291059525
65,-0.3518210460418961,0.27850577746596955,-0.1796683136858756,0.8754289123266006
66,-0.26104747653064775,0.37877811489504926,-0.11637465391580312,0.8802489957957985
67,-0.1603308742577365,0.4672777568085051,-0.05160084561229267,0.8679186952035649
68,-0.05198038077334796,0.5421289961298956,0.012594764768305428,0.8385914162870263
69,0.06147259697090529,0.6018139974873857,0.0741846086421924,0.7928036806741694
70,0.17733601915313899,0.6452075901451994,0.13122620193664358,0.7314634549006707
71,0.2928231443854191,0.6716021417722312,0.18191415353837578,0.6558295586671927
72,0.4051211261198309,0.6807219206787587,0.22462854725923967,0.5674826478713023
73,0.5114605713603112,0.6727266171609626,0.2579784612868324,0.4682884752148304
74,0.6091843321553211,0.6482039655627698,0.2808395124309491,0.3603543211101006
75,0.6958138167042544,0.6081516808324868,0.29238446380923117,0.24597965547391928
76,0.7691111659711777,0.5539491899269874,0.2921061101423685,0.12760223264184983
77,0.8271357420149427,0.4873198927502874,0.2798318501513084,0.00774093354411623
78,0.868293513337438,0.41028492306465447,0.25572956577085254,-0.11106325131478023
79,0.8913780969774213,0.32510959110560056,0.2203046477478105,-0.22630665960323185
80,0.8956024225097353,0.23424387120376022,0.1743882311676785,-0.3355813678206474
81,0.8806202144487529,0.14025844504682813,0.11911692693824814,-0.43663115350839127
82,0.8465367410535303,0.04577792063961522,0.05590455067434694,-0.5274036492500593
83,0.7939085429397033,-0.04658708417670897,-0.013593446626260608,-0.6060974238883453
84,0.7237321276203548,-0.1343072783055537,-0.087521956340825,-0.6712028527967855
85,0.6374218893427352,-0.2149997552233687,-0.1638735454670279,-0.7215357935242684
86,0.5367777805618539,-0.28648913222976746,-0.24053995555050828,-0.7562632618295595
87,0.4239435154532822,-0.34686323136754443,-0.3153664703845041,-0.7749205015920012
88,0.3013563206931076,-0.394521900865961,-0.3862077809206016,-0.7774190553824919
89,0.17168945847804734,-0.4282177496185363,-0.4509839355212109,-0.7640456652981894
90,0.03778892620188323,-0.4470877715634685,-0.5077349587497949,-0.7354520604623147
91,-0.09739411812267273,-0.45067506677110963,-0.5546727524819701,-0.6926359127276303
92,-0.2308735493074725,-0.4389401157999653,-0.590228958489236,-0.6369134600025304
93,-0.3596993666302232,-0.4122613272077765,-0.6130975601884951,-0.5698845018296355
94,-0.4810279403766573,-0.3714248484056556,-0.6222711305260427,-0.4933906592930877
95,-0.5921896905728725,-0.31760390055566423,-0.6170697897673016,-0.40946795636236466
96,-0.6907525384898192,-0.2523281621653264,-0.5971621173974536,-0.320294918307375
97,-0.7745795759290515,-0.17744397681992935,-0.5625774619153048,-0.22813749141435063
98,-0.8418795402650379,-0.09506639183802071,-0.5137093060556537,-0.13529216421451368
99,-0.8912488611698702,-0.007524240745707237,-0.4513095675801329,-0.044028711941674306
100,-0.9217042534562417,0.08270034181979961,-0.3764739416854581,0.043466008045078525
101,-0.9327050643587447,0.17303644324911396,-0.2906186146588511,0.1251418117218048
102,-0.9241648370157821,0.2608913020255316,-0.19544889408557348,0.1991351610131743
103,-0.8964518186121305,0.34371794891539525,-0.09292050330033702,0.26381411745168215
104,-0.8503784149642173,0.4190818472572234,0.014805528181537353,0.31781716913609787
105,-0.7871798664808684,0.4847248430464177,0.12541328541538166,0.3600849791120263
106,-0.7084826866218222,0.5386248016049714,0.23648647299308861,0.3898842827614614
107,-0.6162636565891831,0.5790494144478614,0.3455656734576774,0.4068233603453235
108,-0.5128004027469446,0.6046028048521018,0.45020695753971673,0.4108587235174335
109,-0.40061479039037695,0.6142637399918704,0.5480404084517819,0.4022928760936233
110,-0.28241054383927583,0.6074144668525474,0.636827121986328,0.3817632340721799
111,-0.16100664403346643,0.5838594232570307,0.7145132793532336,0.35022251223891504
112,-0.039268157368495725,0.5438333283879196,0.7792799597127843,0.3089110990907272
113,0.07996378910946937,0.48799842285371614,0.8295874624881758,0.2593221429148872
114,0.1939411523352686,0.4174308999935621,0.8642130432340176,0.2031602546405994
115,0.3000755283024098,0.3335968409597044,0.8822811277880902,0.1422948929677696
116,0.3960004751384664,0.23831822939383673,0.8832852536579685,0.0787096302816456
117,0.4796280694699565,0.13372987064382544,0.8671011905268315,0.01444860066090553
118,0.5491983072110437,0.022228269222860253,0.8339909083732058,-0.04843849868355632
119,0.6033201401996839,-0.09358627912786527,0.7845972866144924,-0.10795144568560466
120,0.6410031503295001,-0.2109729529220007,0.7199296853245986,-0.16219316444120035
121,0.6616790977277475,-0.3271174640812113,0.6413407242930471,-0.20942065725840364
122,0.6652128332393754,-0.43920124973841956,0.5504948319105075,-0.248091895800072
123,0.6519023316565082,-0.5444710798499192,0.4493293282182109,-0.2769074718942112
124,0.622467874135303,-0.640307350693365,0.3400089899252,-0.2948459412770735
125,0.5780306792789068,-0.7242893643363615,0.22487520522630897,-0.30119195307315294
126,0.5200815456726572,-0.7942559665330251,0.10639095887642941,-0.2955564402052249
127,0.4504403176682063,-0.8483600284636401,-0.012917010094349035,-0.27788834659690526
128,0.3712072147172081,-0.8851154084824251,-0.130517466928571,-0.2484775809513422
129,0.28470726685757175,-0.9034352148456197,-0.24393391105976783,-0.20794910870312766
130,0.19342927001582988,-0.9026604046715843,-0.35080233445738274,-0.15724831788774032
131,0.09996081034985727,-0.8825779928159543,-0.4489261030880819,-0.09761801553662593
132,0.0069210035456243185,-0.8434284010044119,-0.5363266285557113,-0.03056762324958115
133,-0.08310734959931987,-0.7859017460742272,-0.6112886022827946,0.04216466149755077
134,-0.16764447719280068,-0.7111231398574618,-0.6723987001965,0.11865579294782175
135,-0.2443775359146524,-0.6206273452871638,-0.7185768283999021,0.1968467929858904
136,-0.3112200847166082,-0.5163233969563376,-0.749099165694793,0.27459542709196844
137,-0.36636563362337693,-0.4004500430480908,-0.7636124624576146,0.34973131501474525
138,-0.40833391890641346,-0.27552309309649414,-0.7621392721852215,0.42011208698876124
139,-0.4360087398575116,-0.14427595676869484,-0.7450740166257804,0.48367916723327015
140,-0.44866640548696757,-0.009594827783297122,-0.7131700122045416,0.5385117729069506
141,-0.4459940763730174,0.12554990000663235,-0.6675178088043019,0.5828777585202631
142,-0.4280975416635434,0.25817430374476397,-0.6095154063141287,0.6152800120053153
143,-0.39549823749974533,0.3853519573542482,-0.5408311143919098,0.6344972173331022
144,-0.34911958422964223,0.504283570413371,-0.4633600016301957,0.6396179370590912
145,-0.29026298892149094,0.6123635327410695,-0.37917503728681473,0.6300671330340782
146,-0.22057412013739153,0.7072417338072142,-0.29047415805295324,0.6056244306419702
147,-0.14200030716613798,0.7868791430015994,-0.1995245907833231,0.5664336366658815
148,-0.05674013980290446,0.8495957912273803,-0.10860582727861572,0.5130032381427967
149,0.032813458304393237,0.8941099823886071,-0.01995267749286251,0.44619783393469725
150,0.12413524467839826,0.919567780438523,0.06430017778806055,0.3672206766297706
151,0.21463319432268468,0.9255620583454686,0.14217075452370398,0.27758772415995114
152,0.30171590047826613,0.9121406536302188,0.21187814815210926,0.17909381264929206
153,0.3828601347433169,0.8798034446083519,0.271885534047802,0.07377175919787193
154,0.45567685596592944,0.8294884354326375,0.3209367257249177,-0.036154619365853846
155,0.5179739946978027,0.7625472096616569,0.3580853945822961,-0.14832243269601292
156,0.5678144193398096,0.6807103746296014,0.3827162409782273,-0.26028532412127564
157,0.6035676094486433,0.5860438658334903,0.39455760996281714,-0.36957140117143306
158,0.6239537180387946,0.4808972057529346,0.39368526098511947,-0.4737420717306643
159,0.6280788942110114,0.36784500938202214,0.3805172239206128,-0.5704503431668385
160,0.615460955344308,0.24962319437278993,0.3557998982490811,-0.6574971526050406
161,0.586044738969643,0.12906148295924486,0.32058577253592535,-0.7328843428467468
162,0.5402067222903847,0.00901387255076707,0.27620335201982554,-0.7948629791523406
163,0.4787487656932949,-0.10771120015945682,0.22422007781851533,-0.8419758152170499
164,0.4028811088044549,-0.21841927170354714,0.16639919713941892,-0.8730928593845789
165,0.31419501689019125,-0.3205951491143375,0.10465169552703016,-0.8874391609282546
166,0.21462573495858525,-0.41196348019873413,0.0409845258059692,-0.8846141269053385
167,0.10640665029651297,-0.4905431051732991,-0.022553539100299613,-0.8646018879308931
168,-0.007984214703569192,-0.5546938551922111,-0.08392704318834215,-0.8277724510692726
169,-0.12588406424439352,-0.6031546535594162,-0.1411685637250652,-0.7748736044509038
170,-0.244510069471627,-0.6350719940128416,-0.19243160769095574,-0.7070137655725011
171,-0.361027387547316,-0.650018111932367,-0.23604033554478965,-0.6256361878892124
172,-0.47261877525871177,-0.6479984226202345,-0.2705348400362886,-0.5324851527330909
173,-0.5765540705985693,-0.6294480694802462,-0.29471082030278994,-0.42956497052281495
174,-0.6702578163536693,-0.5952176972708135,-0.30765263318640457,-0.31909279177993793
175,-0.751373343322857,-0.5465488348283549,-0.30875887104910366,-0.203446380257995
176,-0.8178217162907576,-0.4850395310328965,-0.2977598041520363,-0.0851081237601253
177,-0.8678540712007708,-0.4126011308465614,-0.27472623117294315,0.03339335008498401
178,-0.9000960340007362,-0.33140729893633375,-0.24006949851387832,0.14954252796835685
179,-0.9135831063595012,-0.24383659119421414,-0.19453267226206214,0.2608958872651911
180,-0.9077861260414832,-0.1524100345866944,-0.13917307041709995,0.36513886015399083
181,-0.882626154650755,-0.05972529921574708,-0.07533658168070148,0.46013949973967205
182,-0.8384784066317146,0.03161086981498462,-0.004624405238477153,0.5439975453970995
183,-0.776165104347831,0.11905025123854536,0.07114696167222995,0.6150876996962075
184,-0.696937418017883,0.20016906862706405,0.14999148984553506,0.67209607371674
185,-0.6024469194572613,0.2727305687759477,0.22980399241872024,0.7140489277073524
186,-0.49470723823094187,0.33474267814505687,0.3084138437309475,0.7403330256481124
187,-0.3760468515152243,0.3845092830401757,0.3836406923683428,0.7507071305646117
188,-0.24905415864916539,0.42067384063900776,0.4533507651254083,0.7453043872283257
189,-0.11651618256833507,0.4422542217528027,0.5155123408204061,0.7246255646907513
190,0.01864760170595431,0.4486679075131612,0.5682489906980878,0.6895233573193741
191,0.15345469052968144,0.43974690544090755,0.6098892351179153,0.6411781640050389
192,0.28493052540931785,0.4157420095003127,0.6390113530635119,0.5810659754989521
193,0.4101792769694859,0.3773162972799907,0.6544821995757466,0.5109191941884779
194,0.5264527036595789,0.32552802865013114,0.655489033570991,0.4326813842088043
195,0.6312153974228678,0.261803377336509,0.6415635310012902,0.3484570983071601
196,0.7222048180627416,0.18789968313919206,0.6125973516581236,0.26045804764799607
197,0.7974846471573592,0.10586015159323542,0.5688488373083375,0.17094696881171062
198,0.8554901578831989,0.01796114373379242,0.5109406390685006,0.08218059642655703
199,0.8950644948919946,-0.0733466141163343,0.4398482974890906,-0.0036468311388652003
200,0.9154849835234624,-0.1655014166647342,0.3568800241127775,-0.08445812225165458
201,0.9164788345270699,-0.2558969614080856,0.26364815267615455,-0.1583443797438563
202,0.898227872968163,-0.3419500484666297,0.16203293617005424,-0.22361167271157756
203,0.8613621915779154,-0.4211678864526991,0.054139557469184474,-0.27882197664118613
204,0.806942902718436,-0.49121330055869566,-0.057750608594180464,-0.32282737231155156
205,0.7364344325634201,-0.5499661899895462,-0.17123329925617248,-0.35479666518898284
206,0.6516670593427107,-0.595579674258877,-0.2838379361092113,-0.3742337790774325
207,0.5547906381486094,-0.626529499422371,-0.39308608452193117,-0.3809874857937298
208,0.4482206718740425,-0.641655442763507,-0.4965503699527341,-0.37525225139437784
209,0.3345780759585365,-0.6401936536056574,-0.5919124072351027,-0.3575602035071453
210,0.21662413909036962,-0.6217990938373076,-0.67701832101643,-0.32876444800883375
211,0.09719229902442424,-0.5865574887709605,-0.7499304928936026,-0.2900141810419116
212,-0.020881570668231375,-0.534986460949199,-0.8089742620006107,-0.24272224872896592
213,-0.13482863268873146,-0.4680257899264294,-0.8527784286175402,-0.18852599676338516
214,-0.24201459536884248,-0.38701701314221304,-0.8803085617494921,-0.1292424205803896
215,-0.34000358923094703,-0.2936728499686565,-0.8908922878213416,-0.06681876983165042
216,-0.42661683371148007,-0.1900371861920033,-0.8842359342841453,-0.0032798748242624798
217,-0.49998464922890473,-0.0784365932017087,-0.86043211415627,0.05932645540503892
218,-0.5585905378686288,0.03857543091623006,-0.8199580600643012,0.1189845656749363
219,-0.6013062557093104,0.15828012767679653,-0.7636647436845754,0.1737652073363255
220,-0.6274170262296216,0.2778595316806596,-0.6927570429766636,0.2218775231013971
221,-0.6366362916495308,0.3944652793406215,-0.6087654396248766,0.26171743363366323
222,-0.6291096612919473,0.5052884697262443,-0.5135099372053225,0.29191118653150133
223,-0.6054079865477351,0.6076288455859177,-0.40905708161075294,0.3113529505564998
224,-0.5665097640343421,0.6989615768901997,-0.2976711344566485,0.3192354883095092
225,-0.5137733352648319,0.7769999862939231,-0.18176059336505324,0.31507311527592713
226,-0.4488996059327735,0.8397526543387348,-0.06382136662964541,0.2987163478719741
227,-0.37388624441273804,0.8855734795815611,0.053622009004191895,0.2703578529488241
228,-0.2909745313769936,0.9132034417377287,0.16807567186508499,0.23052953089660605
229,-0.20259021524429116,0.921803020081865,0.27713481329675677,0.18009078853233468
230,-0.1112798769508456,0.9109744496885059,0.3785397076153888,0.12020828074213655
231,-0.019644418562593358,0.8807732488970172,0.4702280313548957,0.0523276157953986
232,0.06972863922824342,0.8317087164200868,0.5503822024231362,-0.021862277056295065
233,0.15433233740941882,0.7647333691945954,0.6174705944901804,-0.10047123274834299
234,0.23180523812089796,0.6812215656183729,0.67028163485927,-0.1814553390962863
235,0.29999252189777315,0.582937826425113,0.7079499714171379,-0.2626686416355256
236,0.3570016796523013,0.4719956204658271,0.7299740916013521,-0.34191776873584456
237,0.40125139337745086,0.3508076187470788,0.7362249887403178,-0.41701810499782804
238,0.43151237178334756,0.22202863135011472,0.7269456933262038,-0.4858500991182273
239,0.44693911020502375,0.08849262306578021,0.7027417132399838,-0.5464142859631477
240,0.44709177305818537,-0.046854649780112945,0.6645626520253655,-0.596883631699413
241,0.4319476461366855,-0.18102573041638967,0.6136754924058742,-0.6356518748061712
242,0.4019018689071932,-0.31106256223206,0.5516302379344502,-0.6613766330487599
243,0.35775742708421576,-0.434106855590115,0.48021879384695715,-0.6730161746436099
244,0.3007046564003797,-0.5474679958466082,0.40142813418772805,-0.6698589077002589
245,0.2322907728496613,-0.6486868286345442,0.3173889419701214,-0.6515448217276012
246,0.1543801961573958,-0.7355937607710927,0.2303210190686733,-0.6180783140704862
247,0.06910666552483868,-0.8063597561361777,0.14247683999594926,-0.569832047649842
248,-0.021181646008627264,-0.85953898204041,0.05608466679278937,-0.5075417090013765
249,-0.11398263513881873,-0.8941020685670065,-0.02670735009161726,-0.4322917618022518
250,-0.2067048638846354,-0.9094591759845927,-0.10388468799429984,-0.34549251520718505
251,-0.29673461699977044,-0.9054723177983458,-0.17361625117670823,-0.24884904279950626
252,-0.38150372757079487,-0.8824566530536618,-0.23429921484643923,-0.14432269140111642
253,-0.45855645614206175,-0.8411707345120628,-0.28459780291555886,-0.034086104302296694
254,-0.5256137306498373,-0.7827959724928756,-0.3234750429086499,0.07952715395727794
255,-0.5806331188221505,-0.7089058407233901,-0.35021671975799845,0.19407714836391954
256,-0.6218630099143898,-0.6214256038388416,-0.3644469478366352,0.30707497131206546
257,-0.6478896260896172,-0.5225835799264077,-0.36613499252695775,0.416041586435825
258,-0.6576756618494819,-0.414855159908313,-0.3555931935925606,0.5185666792023341
259,-0.6505895582401875,-0.30090098343433447,-0.33346606707840687,0.6123660726921012
260,-0.6264246519078911,-0.1835008138920856,-0.30071088479011365,0.6953363003265135
261,-0.5854076916412454,-0.06548475960361011,-0.2585702450313666,0.76560499555015
262,-0.5281964805164044,0.050336448320559564,-0.20853734983918915,0.821575859956097
263,-0.4558666735286015,0.16124039021157827,-0.15231488740637109,0.8619671035513881
264,-0.36988803187128516,0.2646593952201062,-0.09176857913098312,0.8858424105248058
265,-0.27209069903680916,0.35824283775611726,-0.028876584763969065,0.8926336670473901
266,-0.16462231406763886,0.4399137546454276,0.034323936913686626,0.8821548897668257
267,-0.04989700733447505,0.5079183886281897,0.09579174316097565,0.854607009738739
268,0.06946247159338936,0.5608674424150863,0.1535364925293271,0.8105733912118581
269,0.19068807119693443,0.5977680362537677,0.20567239326012993,0.7510061923760397
270,0.3109336396668029,0.6180455956185454,0.2504691417209505,0.6772039002439709
271,0.42734435110541125,0.621555148376924,0.28639884625691003,0.5907805886851227
272,0.5371266384987383,0.6085817762904498,0.31217773315289443,0.4936276518852314
273,0.6376169004992702,0.5798302373406705,0.3268015630203673,0.3878689501244147
274,0.7263472769962138,0.5364040463499565,0.3295738445442552,0.27581046617541766
275,0.8011068588308847,0.47977456492510717,0.3201261141791481,0.15988570481940356
276,0.8599968081128041,0.4117409013107882,0.29842975052214815,0.0425981716375024
277,0.9014780146584231,0.33438165007290227,0.2647990057007823,-0.07353766220045566
278,0.9244100974177771,0.24999970491771978,0.21988515784955004,-0.18605546670439266
279,0.9280807728255647,0.16106155032088285,0.16466191305438366,-0.29259478893002794
280,0.9122248495239671,0.0701325746950315,0.10040240640144288,-0.3909560111654771
281,0.8770323649548217,-0.020189953846117978,0.02864836443083002,-0.47915119513664706
282,0.8231456475468035,-0.10734455091019715,-0.04882780996417457,-0.5554495794298004
283,0.7516453619619217,-0.1888721056448125,-0.1300670893210018,-0.6184166312656771
284,0.6640258673099626,-0.26247971252543795,-0.21297291279544994,-0.6669457147858735
285,0.5621604826149675,-0.326100131265091,-0.29536409041909456,-0.7002816221106308
286,0.44825750355043975,-0.37794537201741907,-0.3750301956388663,-0.718035416007049
287,0.3248080433386755,-0.41655305171763624,-0.4497880559836292,-0.7201902490187515
288,0.19452697304231026,-0.44082435000573095,-0.5175379210803182,-0.70709804797134
289,0.06028840723029666,-0.4500526051289936,-0.5763178921570931,-0.6794671793029059
290,-0.07494268406983928,-0.44394182621917605,-0.6243552375280483,-0.638341434037371
291,-0.20818106047310467,-0.4226146524753901,-0.6601132933733289,-0.5850708858636
292,-0.33649226254224807,-0.3866095556956687,-0.6823327565685864,-0.5212753763679173
293,-0.4570623871664271,-0.33686735363316966,-0.6900663137229044,-0.4488015630084121
294,-0.5672648767859576,-0.2747073710230573,-0.6827057145492874,-0.3696746234086874
295,-0.6647226865276806,-0.20179384609143647,-0.6600005841468226,-0.2860458400692083
296,-0.7473643081452148,-0.12009342638535209,-0.6220684730861933,-0.20013738941502313
297,-0.8134722821653126,-0.03182482269339243,-0.5693958612801255,-0.1141857257557167
298,-0.8617230160293528,0.06059811197402954,-0.5028300560859443,-0.03038498259113151
299,-0.891216941647099,0.15462844487218683,-0.42356215134100095,0.04916819001127986
300,-0.9014982852812752,0.24765180337269746,-0.33310143643812995,0.1225269723939441
301,-0.8925639800964602,0.3370539365906756,-0.23324185756538177,0.18794260065921595
302,-0.8648615206280217,0.4202884931707256,-0.12602133155182357,0.24390727057464473
303,-0.819275832167127,0.49494330230103334,-0.013674891432226943,0.28919065627803964
304,-0.7571054998063266,0.5588034806282622,0.10141720259152137,0.3228691425628398
305,-0.6800289648899928,0.6099097653933324,0.21678512651635262,0.34434705445202424
306,-0.590061544326198,0.6466105918765614,0.32992757449081284,0.35336937044830735
307,-0.4895043544859743,0.6676065882038777,0.43837084167534135,0.35002562119778624
308,-0.38088642062207984,0.671986348868886,0.539727463476926,0.3347448979272538
309,-0.26690141993815125,0.6592525652792192,0.6317529755418375,0.3082821193352043
310,-0.15034063748467938,0.6293378318341845,0.7123994033749379,0.2716959260165318
311,-0.03402380570691192,0.5826097034963718,0.7798641694176731,0.22631878246308162
312,0.07927045153925753,0.5198648491124298,0.8326332169129474,0.17372006292673411
313,0.1868728425766873,0.44231241717453534,0.8695172911577738,0.11566307404776105
314,0.2862886070974951,0.3515470004955486,0.8896804862962764,0.05405711971959003
315,0.37525807698685626,0.24951184666322695,0.8926603554852173,-0.009094161634634779
316,0.4518111029934783,0.1384532056389338,0.8783790893692933,-0.07174686347771507
317,0.5143140068167683,0.020866928366392867,0.8471454871982077,-0.13187189697712998
318,0.5615079068177597,-0.1005613748063981,0.7996476711596405,-0.1875096863821946
319,0.5925374827541124,-0.2230211445895366,0.7369367219794501,-0.2368230740353952
320,0.606969485254563,-0.34364505480335494,0.6604016369092011,-0.2781470802411036
321,0.6048005531755362,-0.4595788824019662,0.5717362243477665,-0.31003424245925726
322,0.5864541700873606,-0.568051337365715,0.47289874724196423,-0.3312943696490313
323,0.5527668632211107,-0.6664421228468682,0.3660653051738022,-0.34102768827188074
324,0.5049640174729271,-0.752346537469818,0.25357809826229577,-0.3386505229531799
325,0.44462593678741597,-0.8236350152219147,0.13788984089114747,-0.32391284293050826
326,0.37364502894147517,-0.8785061218643504,0.021505686729322182,-0.29690721047573904
327,0.29417521134262403,-0.9155316871885444,-0.09307591376903329,-0.2580688843337783
328,0.208574829414314,-0.9336929457665817,-0.2034219776830527,-0.20816705444432215
329,0.11934454062689716,-0.9324067802980389,-0.3072219413421945,-0.14828740821368852
330,0.029061742223359,-0.9115414057412697,-0.40234141180389865,-0.07980644777093687
331,-0.05968679392930236,-0.871421093072289,-0.4868714115551485,-0.004358186484130444
332,-0.14437237228086203,-0.812819802261241,-0.5591719232879826,0.07620595370711544
333,-0.22259020240714117,-0.7369438681664175,-0.6179086844346944,0.15986304971584855
334,-0.2921219397421033,-0.6454041537043063,-0.6620823498649723,0.24446924694082992
335,-0.3509933560244688,-0.5401783451318136,-0.691049331533926,0.32781372891300253
336,-0.3975256806432401,-0.4235643080976487,-0.7045338311778344,0.4076747365986391
337,-0.4303793140211709,-0.2981256442197428,-0.7026308012165738,0.4818762325566477
338,-0.44858880668330714,-0.16663078082836252,-0.6857997943789947,0.5483437858029427
339,-0.45158821789909753,-0.0319870863825176,-0.6548498886086633,0.6051582695036817
340,-0.4392262102471062,0.10282837305285841,-0.6109160949045586,0.6506060151226944
341,-0.41177049506225616,0.23483973804424074,-0.55542786640458,0.6832241521292636
342,-0.3699015120143714,0.36114318178045457,-0.4900705219901291,0.7018399797242229
343,-0.3146954973186259,0.4789759212295979,-0.4167405721335654,0.7056033633617631
344,-0.24759736250504236,0.5857817222957727,-0.33749608429620614,0.6940113205052736
345,-0.1703840625809341,0.6792712951438965,-0.2545033462039461,0.6669241527962102
346,-0.08511937237655007,0.7574761029313234,-0.16998117478645086,0.6245726908474416
347,0.005898793139292577,0.8187942708263996,-0.08614427425763749,0.5675564379988929
348,0.10019719018466533,0.8620274783295967,-0.0051470673784367454,0.49683262511757514
349,0.19519070926203408,0.8864079416600905,0.07097059110856835,0.41369641426703685
350,0.288248891700133,0.8916148387585112,0.14033446014447,0.31975270919139304
351,0.3767638228510706,0.8777797911677999,0.20128244258041617,0.21688023957225916
352,0.4582176886667938,0.8454812881757536,0.2524054414142721,0.10718877871305688
353,0.5302482887949289,0.7957282123887993,0.29258152835091933,-0.007029474120817503
354,0.5907108485107893,0.7299328955469008,0.321002581098352,-0.12335316930820922
355,0.6377345625287283,0.6498743921781144,0.33719273687336815,-0.23928844591259418
356,0.6697724337632955,0.5576529001953273,0.3410182168222393,-0.35232755451414494
357,0.6856431362083188,0.455636475754817,0.3326882942675863,-0.460008033179283
358,0.6845638291371414,0.3464013792082772,0.31274740340465274,-0.5599709903051635
359,0.666173074869046,0.23266754508268106,0.2820586086840547,-0.6500170682773909
360,0.6305432587886558,0.11723078784775295,0.24177887303422876,-0.7281587174037504
361,0.578182172003814,0.0028934338393242637,0.19332676983853653,-0.7926674990696725
362,0.5100236874576614,-0.10760489383728641,0.13834347401381367,-0.8421152582943388
363,0.42740773272707855,-0.21165461718089795,0.07864803687226653,-0.8754081558491682
364,0.3320500303443956,-0.30684000113231175,0.016188093449025914,-0.8918127251188399
365,0.22600233259322683,-0.39099782758612833,-0.04701273396069741,-0.8909733146008876
366,0.11160411595682548,-0.46226949610775336,-0.10890938906713972,-0.8729204884998435
367,-0.008573085212984277,-0.5191452682356908,-0.16749049532495455,-0.8380701800292296
368,-0.13178734104486017,-0.5604995704545593,-0.22083261961109177,-0.7872136192776926
369,-0.25519246838960485,-0.5856164960243573,-0.2671522965955032,-0.721498284187234
370,-0.37590702308551793,-0.5942048922133605,-0.3048544808082675,-0.6424003437077301
371,-0.4910844391090814,-0.5864026809448568,-0.3325761832116238,-0.5516892710629738
372,-0.597982580524608,-0.5627703308962395,-0.349224170199583,-0.45138549710915216
373,-0.6940309843116456,-0.5242736709350427,-0.3540057523418618,-0.34371214422620594
374,-0.776894127145687,-0.47225650164933847,-0.34645186412549467,-0.23104202583174144
375,-0.8445291456879098,-0.4084037169653465,-0.3264318300750454,-0.11584121186517854
376,-0.8952365755193834,-0.3346958850700131,-0.29415942209290624,-0.0006105436068804815
377,-0.927702845179077,-0.2533564511502362,-0.2501900324124841,0.11217347007489739
378,-0.9410334645828131,-0.16679290850156067,-0.19540901070316408,0.22011692970979244
379,-0.9347760763806308,-0.07753343475672872,-0.13101143699404216,0.32096457265251477
380,-0.9089327888577872,0.011839397404283442,-0.058473818604993816,0.4126521859218186
381,-0.8639614735891941,0.09875615348112754,0.020481596237133803,0.4933541309432644
382,-0.8007659836426135,0.1807276027010219,0.10392900808920377,0.5615248296740023
383,-0.7206755219179343,0.255409617163041,0.18978671380982864,0.6159332129624184
384,-0.6254136574020803,0.3206642613394851,0.27586902696805293,0.655689307976156
385,-0.5170577430442344,0.3746155253772414,0.35994117627046646,0.6802623377266805
386,-0.39798972625159146,0.41569829109561096,0.4397758094913583,0.689489917232005
387,-0.27083955577165797,0.44269929040770034,0.5132096870065317,0.6835781524190125
388,-0.13842257167417016,0.45478901782127407,0.5781991410169525,0.6630926739510298
389,-0.0036724137261126277,0.45154378664706935,0.6328729041328028,0.6289408631440352
390,0.13042890602523963,0.4329573668514146,0.6755809735115298,0.5823457454050507
391,0.2609220509295263,0.39944190492142617,0.7049382726733325,0.5248122327573972
392,0.384940784956013,0.3518180960971581,0.7198620000869045,0.4580865858840436
393,0.49978004877011595,0.29129485010946543,0.7196017084858771,0.38411013302859615
394,0.6029600187961344,0.21943895636762145,0.7037613378020902,0.30496842390101225
395,0.6922845815553994,0.13813550673876693,0.6723126231440268,0.2228371079508077
396,0.7658927945607591,0.049540067337871946,0.625599512475538,0.13992590524430348
397,0.8223020794107664,-0.04397620073976555,0.5643334512589223,0.05842208277203774
398,0.8604420981174883,-0.13988709328572638,0.4895796177812399,-0.01956514176840514
399,0.8796784950041294,-0.23557606492487992,0.40273441754631556,-0.0920578730223961
400,0.8798259379643106,-0.3284034526364997,0.3054947623943902,-0.1572591534100416
401,0.8611501582242066,-0.41577452710541235,0.19981986449322614,-0.2135976810609213
402,0.82435896038685,-0.4952066553089578,0.0878864619337753,-0.25976651588762467
403,0.7705824476814398,-0.5643938778771502,-0.02796144329319622,-0.2947548127326089
404,0.701342974194262,-0.6212672673906983,-0.1452671167584179,-0.3178717977517628
405,0.6185155897849723,-0.6640495373594422,-0.2615185669779832,-0.32876240090898035
406,0.5242799780804265,-0.6913025135837374,-0.3742075646245147,-0.3274141687138537
407,0.4210650975558027,-0.7019662564148569,-0.48088876551521836,-0.314155301843653
408,0.31148791505430745,-0.6953888296994684,-0.5792374930054245,-0.28964388652467804
409,0.19828776571277204,-0.6713459447558351,-0.6671047668516354,-0.2548486108895901
410,0.08425797956852152,-0.6300499597933155,-0.742568232034273,-0.21102147240735222
411,-0.02782351950479912,-0.5721479804679549,-0.8039777408097881,-0.15966318452041678
412,-0.13526291405249843,-0.4987090791534033,-0.8499944719281101,-0.10248217476049387
413,-0.23551678425995567,-0.41120092221460064,-0.8796226292695847,-0.0413482282397858
414,-0.3262543447243446,-0.311456359324666,-0.8922329442015887,0.02175803451776702
415,-0.4054140851384992,-0.2016307800536437,-0.8875774072167093,0.08479855131270882
416,-0.4712534153792342,-0.08415127431092881,-0.8657948698986121,0.14573271692552037
417,-0.5223900924112165,0.038341161039529725,-0.8274073826243176,0.20257238187747229
418,-0.5578344136896629,0.16305495209194798,-0.7733073610855901,0.2534355436647475
419,-0.5770113941818161,0.28711525719500375,-0.7047359000495449,0.2965973554358914
420,-0.5797723959126169,0.4076335972807794,-0.6232527701892888,0.3305371442925171
421,-0.5663959437773775,0.5217780888478573,-0.5306988379069552,0.35398023153139546
422,-0.5375777326333819,0.6268425438878347,-0.42915183378354604,0.3659334777103637
423,-0.4944101016039887,0.7203127268600548,-0.3208765580191224,0.3657136331464375
424,-0.4383515153347325,0.7999281271596544,-0.2082707469431328,0.3529677553974867
425,-0.3711868420420413,0.8637377147083152,-0.09380793001912217,0.32768515491373157
426,-0.29497944834677525,0.9101482936245615,0.02002132086051603,0.2902005433770434
427,-0.21201633534137213,0.937964250751663,0.13076831037759426,0.24118828093685074
428,-0.12474771399904755,0.9464177076258503,0.2360838657313169,0.1816478430524409
429,-0.0357225565638294,0.9351883209979193,0.3337733019185454,0.11288084934134046
430,0.05247823949126183,0.9044122324034213,0.42184736734272577,0.03646021016074949
431,0.13730937947426267,0.8546799351655108,0.49856793245277364,-0.04580785373322255
432,0.2163276796457792,0.7870231009539483,0.5624873163875577,-0.13192798219873422
433,0.2872558703362815,0.7028906808092892,0.6124803061327518,-0.2197649434926837
434,0.3480420776441696,0.6041148605930096,0.6477681054973744,-0.307096774486727
435,0.3969134767316911,0.49286770155385323,0.6679336527247005,-0.39167046903184466
436,0.43242275690650456,0.37160952687365373,0.6729279607380014,-0.47125882326288165
437,0.45348621995061944,0.2430303189533659,0.6630673575207717,-0.543717014424547
438,0.4594125439963106,0.10998556475118187,0.6390217303724962,-0.6070374931393762
439,0.44992148037443935,-0.024571876595993802,0.6017941011290652,-0.6594018078717181
440,0.4251520043887197,-0.15766221175079692,0.5526920743307192,-0.6992280537293294
441,0.38565970655736265,-0.2863497282150625,0.4932919014111137,-0.7252127438837934
442,0.33240348186305135,-0.4078126443307807,0.42539608626910835,-0.7363660381604955
443,0.2667218441837581,-0.5194100817738853,0.35098561653928156,-0.7320394263763426
444,0.19029945459019856,-0.6187445201507087,0.2721680365531855,-0.7119451497446478
445,0.10512469904628823,-0.7037182060336089,0.191122679117385,-0.6761668475119604
446,0.013439377054880242,-0.7725821393344041,0.11004444132693944,-0.6251611328760752
447,-0.08231823770744356,-0.8239764445593046,0.031087523010287124,-0.5597500267666214
448,-0.1795755357262425,-0.8569611486164397,-0.04368945574349693,-0.481104404664373
449,-0.2756913476357733,-0.8710366251223873,-0.11237557911021039,-0.39071883465455876
450,-0.36802370329702594,-0.8661532216447226,-0.1732556953068191,-0.2903783988001878
451,-0.45399786755510435,-0.8427098546365094,-0.22485320952899784,-0.1821182893573161
452,-0.5311729371121117,-0.8015416302879116,-0.2659665426830258,-0.06817715136553537
453,-0.5973053167496603,-0.7438968213335937,-0.29569834988761934,0.049054700754480485
454,-0.6504074690563967,-0.671403793250697,-0.31347677663042584,0.16709093667109437
455,-0.688800447986498,-0.5860287217097395,-0.3190682323246818,0.2834073804720877
456,-0.7111588801099631,-0.49002517042353066,-0.31258137575981276,0.39550128080733454
457,-0.7165472445009988,-0.3858767990312496,-0.2944622291928351,0.5009502349996506
458,-0.7044465181910935,-0.27623463937571524,-0.26548056201514136,0.5974693282583984
459,-0.6747704936112191,-0.16385051129934436,-0.22670790543455413,0.6829650917229069
460,-0.6278713314979161,-0.0515082426089454,-0.17948777091277246,0.7555849602256043
461,-0.5645341809333185,0.058045590165916816,-0.12539884190000278,0.8137610204908929
462,-0.4859609708452508,0.16216967444338798,-0.06621208578439591,0.8562469802587035
463,-0.3937437476085759,0.2583930357847979,-0.003842886480095342,0.8821474550779902
464,-0.28982819462110465,0.34447555774063693,0.05970057612934522,0.8909388581332452
465,-0.17646821535626614,0.4184624477388902,0.12237137874748807,0.8824813847695555
466,-0.05617268528795882,0.47873130298721944,0.1821389563930254,0.8570218022499541
467,0.06835432535121971,0.5240306174000154,0.23704384357798805,0.8151869812839926
468,0.19427839169394595,0.5535087863758478,0.2852506537911109,0.757968333400076
469,0.31870304298764046,0.5667329054354728,0.32509793997490133,0.686697541652193
470,0.43873985730030807,0.5636969153027345,0.3551436566850151,0.6030141859116435
471,0.551578612881528,0.5448189135530168,0.37420505483932354,0.5088260627948369
472,0.6545557632067615,0.5109277247779196,0.3813919796479008,0.4062631791909452
473,0.7452195421359886,0.46323909052760937,0.3761327079740667,0.2976265529449231
474,0.8213900871320348,0.40332210036456506,0.3581916488682668,0.18533308069467894
475,0.8812130900989217,0.3330567296978592,0.32767843565324395,0.07185782802948855
476,0.9232056441070858,0.25458357256395603,0.2850481546021641,-0.04032484131769862
477,0.9462931461347248,0.17024705262348014,0.23109267852011606,-0.14879985411907462
478,0.9498363362144779,0.08253355848302796,0.16692329782650886,-0.2512683003753502
479,0.9336477965608571,-0.005993924034523368,0.09394506142625866,-0.3456012012209162
480,0.8979974943290151,-0.09276302301437286,0.013823449249230735,-0.42988886237130186
481,0.8436072221554702,-0.17525932992628748,-0.07155580742189188,-0.5024846151128655
482,0.7716340648364141,-0.251092179800238,-0.16013276769551135,-0.5620418880629622
483,0.683643291593011,-0.318057194669761,-0.24972404531571643,-0.6075437202126514
484,0.5815713346181133,-0.3741940048935174,-0.3380770347489823,-0.638324014923138
485,0.46767975950155816,-0.4178376847695847,-0.4229262487589476,-0.6540800408586421
486,0.3445013556048092,-0.44766259737223024,-0.5020503610784868,-0.6548759041538763
487,0.21477966897029713,-0.46271753479870914,-0.5733285268376193,-0.6411369409892296
488,0.08140346207400745,-0.46245125922716257,-0.6347945680925721,-0.6136352055755403
489,-0.0526622903560823,-0.4467277918703547,-0.6846876617890741,-0.573466449706424
490,-0.18444717522947596,-0.41583105501621465,-0.7214982515630656,-0.5220192010121929
491,-0.3110461474787253,-0.37045874041745996,-0.7440080208662522,-0.4609367425945259
492,-0.42968863182293515,-0.31170554862017424,-0.7513229101328185,-0.39207297197216684
493,-0.53780422595533,-0.24103621161648361,-0.7428983314818524,-0.31744326786946325
494,-0.6330833963519754,-0.1602489687661393,-0.7185559265407889,-0.23917161559421457
495,-0.7135316829103822,-0.07143040680923692,-0.6784914216115684,-0.1594353325510336
496,-0.7775160903801929,0.023097207044977364,-0.6232733543981072,-0.08040879257856746
497,-0.8238025390100664,0.12083477998465082,-0.5538326724041344,-0.004207569882641926
498,-0.8515834691598697,0.21916996040727238,-0.471443429275169,0.06716559016330216
499,-0.8604949392757821,0.31544382050719777,-0.37769502617125894,0.13187161480045229
