,0,1,2,3
0,-0.47743502970932983,0.0,0.8786670543536108,0.0
1,-0.4070221358426385,-0.05953184006818584,0.9107333581660058,0.036792543753626845
2,-0.3345411747874256,-0.12278526142021379,0.9316207877093357,0.07133505349865416
3,-0.26127722790750013,-0.18891610564213523,0.9408825136360611,0.10385090630258588
4,-0.18846859411758726,-0.2569563597139325,0.9382598247220133,0.13461619347805598
5,-0.11728107282570083,-0.32583232210181134,0.9236888230445008,0.16394330121496023
6,-0.04878459121397438,-0.39438591391335004,0.8973031516381894,0.19216365063921223
7,0.016067291259828087,-0.46139865158262816,0.8594326766572966,0.21961011079405782
8,0.07645454427715404,-0.5256177262897194,0.8105981392352354,0.24659960490189853
9,0.13170412406369478,-0.5857835775144127,0.7515018851715821,0.2734164234324436
10,0.1812994525114952,-0.6406583052655257,0.6830148710398123,0.300296737164767
11,0.22488574570007894,-0.6890542387325477,0.6061602311060557,0.32741477011747966
12,0.2622711251889362,-0.7298619690954613,0.5220937685014986,0.35487104679323866
13,0.2934235522245641,-0.7620771613046293,0.4320818044864342,0.38268307180948513
14,0.3184637301798049,-0.7848254836842946,0.33747687968211965,0.41077873411326576
15,0.33765422148978297,-0.7973850346771951,0.2396918493815686,0.4389926542927801
16,0.351385119546302,-0.799205701981678,0.1401729503260295,0.46706561388984813
17,0.36015670111382225,-0.7899249593985147,0.04037243781237909,0.49464712212561124
18,0.3645595587199014,-0.769379689211421,-0.05827860082113662,0.5213010902167946
19,0.36525277332092854,-0.737613710871062,-0.15439665754550252,0.5465144986687624
20,0.36294073385017483,-0.6948807978732263,-0.24667086254283255,0.5697088607628811
21,0.3583492408873354,-0.6416430715483328,-0.33388614855772525,0.5902542080246271
22,0.3522015459101838,-0.5785647703973418,-0.41494402657216056,0.6074852527639089
23,0.3451949750769596,-0.5065015039243568,-0.48888053824386346,0.620719320651752
24,0.33797876734135585,-0.42648520792167244,-0.5548810202183612,0.6292755943558084
25,0.33113372143810016,-0.3397051212055282,-0.6122913934686564,0.6324951688649515
26,0.3251541958191997,-0.24748519934718544,-0.6606257753001614,0.6297613913652644
27,0.3204329412742267,-0.15125846664352427,-0.6995703004943931,0.6205199441445719
28,0.31724916938696734,-0.05253888131460749,-0.7289831290626816,0.6042981284229414
29,0.31576017312725435,0.047108651113460964,-0.7488907090025523,0.5807228203080801
30,0.31599672097084686,0.14609943656136626,-0.7594804510636006,0.5495365969836347
31,0.31786234540410263,0.2428606152378403,-0.7610900566687259,0.5106115711384694
32,0.3211365430674766,0.33586252920634196,-0.7541938177489574,0.4639605235912233
33,0.32548179976319525,0.42364912133077687,-0.7393862764516488,0.40974498680708504
34,0.33045425174891707,0.5048666754558717,-0.7173636918021022,0.3482800040186883
35,0.33551769775592144,0.5782902474949687,-0.6889038080223056,0.28003536818969854
36,0.34006058648125226,0.642847192550911,-0.654844454211707,0.20563323014437707
37,0.3434155241987351,0.6976372629201104,-0.6160615266654875,0.1258420537309914
38,0.3448807786633561,0.7419488341106972,-0.5734469127740471,0.041566985700782155
39,0.3437432004039566,0.7752709088192051,-0.5278869090899873,-0.04616320316126302
40,0.3393019422306736,0.7973006498748367,-0.48024166599281526,-0.13621236343335436
41,0.33089233337338875,0.8079462999925985,-0.4313261579982765,-0.22735607638554445
42,0.3179092567639311,0.8073254561532579,-0.3818931330494292,-0.31830323158967394
43,0.29982938681048243,0.7957587768508885,-0.3326184372974585,-0.40771961326311595
44,0.2762316703984346,0.7737593086115877,-0.28408904541459157,-0.49425298267307927
45,0.24681547518130184,0.7420177214426457,-0.23679405210023055,-0.5765591029253166
46,0.21141588548930784,0.7013838386974856,-0.19111880006017393,-0.6533281246359374
47,0.17001569599554484,0.6528449329027449,-0.1473422354194198,-0.7233107370694625
48,0.12275373491072072,0.5975013332993605,-0.10563749542780948,-0.7853434897105178
49,0.06992923989802131,0.536539951405417,-0.06607564763127056,-0.8383727039588452
50,0.012002108830672625,0.471206376361547,-0.02863241659095649,-0.8814764233829511
51,-0.05041104851519065,0.40277622109300915,0.006802344150122652,-0.9138838930759741
52,-0.11654502533310432,0.33252641274231287,0.040412748839642375,-0.9349921131378909
53,-0.1854981605504173,0.26170711613752384,0.07244292218807288,-0.9443790768649234
54,-0.2562482675349977,0.19151495743453503,0.1031814181642354,-0.9418133792900684
55,-0.32767200902037263,0.12306817709710349,0.132944486751954,-0.927259964482889
56,-0.39856728871783764,0.05738428805205681,0.16205868962193742,-0.9008818684860349
57,-0.46767815051801975,-0.004639252445596487,0.19084338156270003,-0.8630379068027684
58,-0.533721608881991,-0.06224092826116115,0.21959357678402006,-0.8142763487273886
59,-0.5954157807034419,-0.1148072679568792,0.2485637078088981,-0.7553247132683271
60,-0.6515086509636964,-0.16188092506145993,0.2779527599053625,-0.6870759107127118
61,-0.7008067828952038,-0.20316459683853563,0.30789122651721235,-0.610571037859835
62,-0.7422032787065561,-0.23852074949251673,0.33843028189598057,-0.5269792115772436
63,-0.7747043093720718,-0.2679672241062201,0.3695335073770184,-0.43757489275641354
64,-0.7974535612960536,-0.29166890151632363,0.40107143901026465,-0.34371320933990523
65,-0.8097539931508546,-0.30992570319817714,0.432819128309227,-0.24680383149983917
66,-0.811086356781238,-0.32315729658029013,0.46445682666305027,-0.14828398320906716
67,-0.8011240103108751,-0.33188495476283475,0.49557381954499247,-0.049591191627940456
68,-0.7797436376854144,-0.3367110903456724,0.5256753512084619,0.0478636214593719
69,-0.7470315847488841,-0.33829703925136306,0.5541924962801502,0.14272211352172676
70,-0.703285625240402,-0.3373397116724512,0.5804947537039248,0.2337029935220854
71,-0.6490120782930139,-0.3345477525724165,0.6039050629433126,0.3196244646924917
72,-0.5849183094685265,-0.33061786292103895,0.6237168741658456,0.3994241615711209
73,-0.5119007573649099,-0.3262119248597857,0.6392128450778423,0.4721761677340315
74,-0.43102873468783676,-0.32193554950524084,0.6496846886947938,0.5371047729388656
75,-0.34352435376189683,-0.3183186257581545,0.654453659895614,0.5935947084645772
76,-0.250739019286805,-0.3157983933410663,0.652891145095114,0.6411976852942344
77,-0.15412701343783344,-0.314705494759891,0.644438809431051,0.6796351493233375
78,-0.05521676814472315,-0.3152533807322433,0.6286277598125267,0.7087972587740636
79,0.04441952515543118,-0.3175313538978498,0.6050961999788699,0.7287381792165797
80,0.14319727817202565,-0.3215014386154837,0.5736050849876748,0.7396678788270978
81,0.23955112749451607,-0.32699916283061053,0.5340513265631602,0.7419406886135282
82,0.3319660960569314,-0.3337382339639599,0.48647815644528464,0.7360409673115578
83,0.4190075862947962,-0.34131898717467174,0.4310823209441343,0.7225662766770145
84,0.49934952531788224,-0.34924038383292655,0.3682178547172713,0.702208528382023
85,0.5718000271349788,-0.3569152431594619,0.2983962635216737,0.6757336073373612
86,0.6353239969278741,-0.3636883031746669,0.2222830323391558,0.6439600069846203
87,0.6890621761024336,-0.3688566305674514,0.1406904646997493,0.6077370292272596
88,0.7323462125287326,-0.37169183480473683,0.05456694902053309,0.5679231048380579
89,0.7647094359097254,-0.3714634914095973,-0.035017163893271946,0.5253647793802846
90,0.7858931212381407,-0.36746314414389347,-0.12688680356845583,0.4808768852488522
91,0.7958481312809081,-0.3590282367614705,-0.21978219568489202,0.43522438305380207
92,0.794731939316343,-0.34556532256686756,-0.312381233303085,0.38910630623235243
93,0.7829011432347028,-0.3265719143193689,-0.40332372493169133,0.34314218278550845
94,0.7608996889038351,-0.30165636773887405,-0.49123699123543485,0.2978612389529618
95,0.7294431217847805,-0.27055523826039973,-0.5747622450520807,0.25369461325267145
96,0.6893992786885146,-0.23314761161443437,-0.6525811657137025,0.21097072758557092
97,0.6417659140313193,-0.18946598277956828,-0.7234420690787452,0.16991387713774447
98,0.5876458249714698,-0.13970334303025422,-0.7861850794583695,0.13064601477583687
99,0.5282200957038814,-0.08421622906998975,-0.839765728690385,0.09319162072268429
100,0.4647201216151383,-0.023523589250357215,-0.8832764405524982,0.05748546668248243
101,0.39839909800748663,0.041698572892591226,-0.9159654047471005,0.02338300733489275
102,0.3305036651446497,0.1106267107334689,-0.937252402743072,-0.009326936827602758
103,0.2622463913342712,0.1823032295020836,-0.9467412164400643,-0.04090760123556984
104,0.19477974894578373,0.2556536893079039,-0.9442283282790599,-0.07165824878690616
105,0.12917219538891264,0.32950734579836527,-0.929707706189236,-0.10189717393369475
106,0.06638691326582,0.4026205710528099,-0.9033715565891969,-0.1319442467777843
107,0.007263692647299702,0.473702621287531,-0.8656070213785796,-0.16210351598454542
108,-0.04749564446892335,0.5414431547795754,-0.8169888882205758,-0.19264638699682646
109,-0.09733796987489879,0.6045408547237359,-0.7582684751667681,-0.22379587609872298
110,-0.14186551699868433,0.6617324787770079,-0.6903589385921155,-0.2557124117525412
111,-0.18083838709918562,0.711821640687278,-0.6143173353630882,-0.28848161305884257
112,-0.21417289633301054,0.7537066301060025,-0.5313238441755018,-0.3221044222315914
113,-0.24193587188793692,0.7864065944832255,-0.44265861528560185,-0.3564899049910827
114,-0.26433510776306773,0.8090854414477316,-0.34967677087257126,-0.3914509613646998
115,-0.28170628731028147,0.8210728704806599,-0.25378211874479895,-0.42670311137359523
116,-0.2944967679211736,0.8218820077969714,-0.15640016907564422,-0.4618664374651068
117,-0.3032467010453782,0.8112231965889098,-0.05895105669988315,-0.49647068043856485
118,-0.3085680261240043,0.7890135842647409,0.03717703006176698,-0.5299634001847943
119,-0.31112192839387715,0.7553822468591211,0.1306533289815428,-0.5617210290069108
120,-0.3115953865979898,0.7106706959960114,0.22022833664806257,-0.5910625657581619
121,-0.31067745654459317,0.6554287230808559,0.30475548202896835,-0.6172655855698349
122,-0.30903593971980403,0.5904056461114915,0.38321018357771974,-0.6395841744473513
123,-0.30729507272424067,0.5165371339148078,0.4547058982741005,-0.657268342186981
124,-0.30601484354175346,0.43492788805564214,0.5185068457051816,-0.6695844223699036
125,-0.30567249533757185,0.3468305615389155,0.5740371721825575,-0.6758359358079101
126,-0.30664671879601213,0.2536213833086196,0.6208864069192981,-0.6753843746216712
127,-0.3092049614774712,0.15677303623116715,0.6588111523015356,-0.6676693586736623
128,-0.31349419915801235,0.057825401804026455,0.6877330410614784,-0.6522276245551158
129,-0.31953542174560245,-0.0416451643555964,0.7077330824549546,-0.6287103295910301
130,-0.32722198750172904,-0.14005732735922294,0.7190426051736456,-0.5968981888844229
131,-0.33632189645571,-0.23585632136035256,0.7220310845834619,-0.5567140114403671
132,-0.3464839297022399,-0.32754483374703536,0.7171912140282811,-0.5082322607473497
133,-0.35724749837569636,-0.4137125242039357,0.7051216426220195,-0.45168533441671416
134,-0.3680559471204607,-0.49306351108491586,0.6865078536615151,-0.3874663349078665
135,-0.3782729643499968,-0.5644412070343694,0.6621016972951548,-0.3161281871050522
136,-0.38720166787197996,-0.6268499501150036,0.6327001174529638,-0.23837904650572972
137,-0.3941058616949763,-0.6794729542532313,0.5991236256880592,-0.1550740318636247
138,-0.39823289989140764,-0.7216861916875061,0.5621950732472186,-0.0672034060760266
139,-0.3988375478176777,-0.7530679181087396,0.5227192574800213,0.024122583312863932
140,-0.395206200970004,-0.7734036559018765,0.48146387005897784,0.11769190957878015
141,-0.38668080807755556,-0.782686559756542,0.43914225320014,0.2122116474071609
142,-0.372681848085922,-0.7811131992363822,0.3963983772430578,0.3063310898440391
143,-0.35272973042534583,-0.7690749019725205,0.35379438995593465,0.3986666051548955
144,-0.32646402393120727,-0.7471449063018771,0.31180101641416913,0.4878276911255597
145,-0.2936599711210559,-0.7160616708323764,0.2707910101062371,0.572443651175879
146,-0.2542418099775571,-0.6767087781750403,0.2310357730627036,0.6511902971985226
147,-0.2082925033276703,-0.6300919487525432,0.19270517740751597,0.7228160788022436
148,-0.1560595644161176,-0.5773137462680695,0.15587053498126457,0.7861670478014415
149,-0.09795676414813245,-0.5195466075155035,0.12051057777415727,0.8402100901687012
150,-0.034561608310534654,-0.4580048645146672,0.08652023197185206,0.8840538947210324
151,0.03339142069398454,-0.393916445639743,0.05372189449633328,0.9169671776733963
152,0.10502175610270004,-0.32849494406605806,0.02187885489723229,0.9383937436793416
153,0.17931756652341818,-0.2629127265042165,-0.009289551005130917,0.9479640356154663
154,0.2551541961847672,-0.1982757232584262,-0.040091514771496015,0.9455029054312736
155,0.3313158254171613,-0.13560049298687157,-0.07084554862478275,0.9310334249477381
156,0.4065198672015351,-0.07579409339466517,-0.10186301097991239,0.9047766464553739
157,0.4794435433320057,-0.01963721405184493,-0.133430883610026,0.8671473161352572
158,0.54875202486909,0.0322290584842328,-0.1657953129189165,0.8187456364496923
159,0.613127477619779,0.07931256786502472,-0.1991464073638935,0.7603452644689234
160,0.6712983255085636,0.12127533327852999,-0.23360474966113084,0.6928778194193672
161,0.7220680336411077,0.15793464374343624,-0.269210036858403,0.6174142524707339
162,0.7643427189348571,0.18926003841041864,-0.30591220483836645,0.53514350299998
163,0.7971569192989141,0.21536631462924283,-0.3435653277589714,0.447348926564884
164,0.8196968919663143,0.23650280614015312,-0.38192450902956654,0.3553830291264907
165,0.8313208667828309,0.25303926770742563,-0.4206459005462197,0.2606410785029688
166,0.8315757497170414,0.2654487874804404,-0.45928990310581314,0.1645341867599471
167,0.8202098539013831,0.2742882222212987,-0.49732751532651454,0.06846246572324322
168,0.7971813281538953,0.2801767114384995,-0.5341497132115324,-0.026211148130831308
169,0.7626620539115083,0.28377287290214037,-0.5690796598866905,-0.11818582331055127
170,0.7170368883650619,0.28575131284282945,-0.6013874671422266,-0.20624597522523014
171,0.6608982417128105,0.2867790986028131,-0.6303071592219578,-0.28928212481766036
172,0.5950360871486926,0.2874928392762999,-0.6550554266702924,-0.3663090366690772
173,0.5204236107628375,0.2884770010299182,-0.6748517055990947,-0.4364807678321551
174,0.4381988122944983,0.2902440488359379,-0.6889390768484479,-0.49910233560886347
175,0.3496424640973489,0.29321695618879556,-0.6966054512765069,-0.5536377959958695
176,0.2561529223895862,0.2977145603009247,-0.6972044925963647,-0.5997146124945993
177,0.15921835973994677,0.3039401639289307,-0.6901757282189593,-0.637124285245827
178,0.06038704894994873,0.31197369831688915,-0.6750633115506237,-0.6658193007685402
179,-0.038763625466699037,0.32176766697124354,-0.6515329258711209,-0.6859065507329529
180,-0.13665872226062087,0.3331469895172743,-0.6193863596791809,-0.6976374520114615
181,-0.23175714620499116,0.34581276128991323,-0.5785733353033271,-0.7013950776758744
182,-0.3225821845580448,0.35934984022106164,-0.529200235396072,-0.6976786777561701
183,-0.40775048495169575,0.3732380706537425,-0.4715354441420238,-0.6870860277680775
184,-0.48599882088401053,0.3868668565393587,-0.4060110998598844,-0.6702940908297446
185,-0.5562080451511878,0.399552706538256,-0.3332211412131164,-0.6480385144848058
186,-0.6174237000720899,0.4105592931446062,-0.2539156183660537,-0.6210925053095347
187,-0.668872834541204,0.41911949915473706,-0.16899133093785973,-0.5902456325200097
188,-0.7099766697887657,0.4244588693626439,-0.07947894428158109,-0.5562831059729618
189,-0.740358855962883,0.4258198447314962,0.013473177769502798,-0.5199660543833272
190,-0.7598491678078482,0.4224861315181653,0.10861810414092005,-0.4820132968180092
191,-0.7684825971802833,0.41380654958266755,0.20463203802410163,-0.4430850554550868
192,-0.7664939102287291,0.3992177126447052,0.3001381298518167,-0.4037690014130056
193,-0.7543078450581877,0.37826491838133,0.3937318885788036,-0.36456895962466157
194,-0.7325252289606906,0.3506206674016195,0.4840076358306726,-0.3258965249654121
195,-0.7019053902890737,0.3161002862906674,0.5695854183757757,-0.28806576204712947
196,-0.6633453264400285,0.2746741997120278,0.649137779184461,-0.2512910773151193
197,-0.6178561640929033,0.22647647827537004,0.7214157864801233,-0.21568826648118147
198,-0.5665375090143675,0.17180938049302952,0.7852737337163297,-0.18127865508551366
199,-0.5105503289167903,0.11114370639147397,0.8396919510406373,-0.1479961672817564
200,-0.45108904295469143,0.04511488474240249,0.8837972098874449,-0.11569707989431699
201,-0.38935350476542996,-0.025485177170067416,0.9168802559082271,-0.08417214739538229
202,-0.32652156223185785,-0.09972034549651804,0.9384100702179787,-0.05316072051065787
203,-0.26372285651474925,-0.176526373694706,0.9480445333566474,-0.02236642829047758
204,-0.20201448594106242,-0.2547305399017197,0.9456372486409579,0.00852604797707035
205,-0.14235910801501064,-0.3330743786275264,0.9312403697280378,0.039833609626116734
206,-0.08560598649850937,-0.41023899701056865,0.9051033690972089,0.07185730064689545
207,-0.0324754118880595,-0.4848723975068396,0.8676677775559598,0.10486531147034393
208,0.016453165297413253,-0.5556181744653613,0.8195580175305509,0.1390769335902517
209,0.06074904594953037,-0.6211449129710466,0.7615685425685558,0.17464794724364532
210,0.10013409858008224,-0.6801755956269449,0.6946475799915566,0.211657886758228
211,0.13448244587417893,-0.7315163172137941,0.6198778509508628,0.25009957877255007
212,0.1638160929908552,-0.7740836185973532,0.5384547103934996,0.2898712885945939
213,0.18829667251359056,-0.8069297796187666,0.45166220700103954,0.33077174101132945
214,0.20821357951214464,-0.829265455346644,0.36084760864339854,0.37249820564910857
215,0.22396886132349686,-0.8404790999325605,0.2673949712161845,0.41464775545311283
216,0.23605930811043094,-0.8401526959579837,0.1726983471489155,0.4567217220813911
217,0.2450562599759012,-0.828073392809757,0.07813523397111266,0.4981332861588702
218,0.25158370266162455,-0.8042407531947584,-0.014959146955630609,0.5382180556040086
219,0.25629526524362584,-0.7688694100745569,-0.1053161757949228,0.5762474037956594
220,0.2598507587353204,-0.7223870445515568,-0.19175623574573708,0.6114442632827394
221,0.26289290350031647,-0.6654277059229817,-0.27320871305307465,0.6430010020141004
222,0.26602488566028804,-0.5988206055316074,-0.34872917935200876,0.6700989494609467
223,0.26978935847650026,-0.5235746234782588,-0.41751341131764125,0.691929091072449
224,0.2746494646215541,-0.4408588690898161,-0.4789079816052222,0.7077134125355746
225,0.28097240037534976,-0.3519797297627936,-0.532417239977245,0.7167263512934616
226,0.2890159744837049,-0.2583549261298207,-0.5777065922151764,0.7183158023799927
227,0.29891853445625605,-0.16148516238468227,-0.6146020747019987,0.7119231291790665
228,0.310692543492072,-0.06292401731479097,-0.6430863122044828,0.6971016471925984
229,0.3242219942908312,0.03575323725627022,-0.6632910331692583,0.6735330799307707
230,0.33926374420284683,0.1329811793224948,-0.6754863986399261,0.6410415299088863
231,0.3554527520856521,0.2272354221179868,-0.6800674756997171,0.5996045634124295
232,0.3723110935189484,0.31706273327482976,-0.6775382523207834,0.5493610738422534
233,0.38926053032632907,0.40110940585055294,-0.6684936460579576,0.49061566347643204
234,0.40563831522960003,0.4781472427241109,-0.6536000028264954,0.42383936555990626
235,0.4207158253487025,0.5470965745417283,-0.63357461301242,0.3496666157528229
236,0.4337195413861319,0.6070458039385005,-0.6091647896652908,0.26888847199629795
237,0.44385382467206974,0.6572670533709173,-0.5811270571420075,0.18244217257684275
238,0.45032489346165216,0.697227588477752,-0.5502069882796652,0.09139721134954243
239,0.4523653642878502,0.7265967911059369,-0.5171202042991778,-0.003061805489817382
240,0.44925870471934987,0.7452485634719859,-0.48253501484151073,-0.09965517712962094
241,0.4403629410851301,0.7532591547341425,-0.44705712680164733,-0.1970305846916073
242,0.42513297871911593,0.7509005108229239,-0.41121679123581045,-0.29378754884610964
243,0.403140922741102,0.7386293550264391,-0.3754586891244271,-0.3885033398384666
244,0.3740938336001359,0.717072307935271,-0.34013478095246463,-0.47975977284590654
245,0.3378484124439572,0.6870074484458709,-0.3055002638769286,-0.5661702966070521
246,0.2944221853527272,0.649342800329182,-0.27171269577710766,-0.6464067723858689
247,0.2440008407653561,0.6050922993796606,-0.23883425989435234,-0.7192253438512507
248,0.1869414689227651,0.555349852664915,-0.20683705925742607,-0.7834908163212861
249,0.12377155351068225,0.5012621425437583,-0.17561124881847823,-0.8381989956343351
250,0.05518367138435405,0.4440008529413334,-0.14497573727032761,-0.8824964819209387
251,-0.017974036334782936,0.384735003301362,-0.114691121817837,-0.9156974706903469
252,-0.09471145206685996,0.3246040665372406,-0.08447445948831495,-0.9372971815433093
253,-0.17391385596582623,0.26469252145802386,-0.05401542941161068,-0.9469816118451149
254,-0.2543627173938272,0.20600644825279463,-0.022993403135521562,-0.9446333969803014
255,-0.33475944663550794,0.14945271877525657,0.008905084579148015,-0.9303336483260212
256,-0.41375157272837726,0.0958212630494232,0.04196898328452971,-0.904359732658674
257,-0.4899607490139678,0.04577081141946707,0.07644600907193635,-0.8671790501070966
258,-0.562011938188512,-0.00018157981639954635,0.1125270618444858,-0.8194389597248876
259,-0.6285630945312625,-0.041667010289724554,0.15033224873951098,-0.7619530900493308
260,-0.6883346435050585,-0.07846711956083453,0.1898989430892893,-0.6956843545115532
261,-0.7401380585378684,-0.11051237356151525,0.2311722551763035,-0.621725066271499
262,-0.7829028515627096,-0.1378763590084085,0.27399822783555683,-0.5412746121743881
263,-0.8157013274497416,-0.16076629333000342,0.31811999828415544,-0.45561519950211266
264,-0.8377705020229765,-0.17951005391810052,0.3631770892376774,-0.3660862307371613
265,-0.8485306477346904,-0.19454011861682208,0.4087079093950109,-0.27405788969021677
266,-0.8476000087225632,-0.20637488709054502,0.45415545785103445,-0.18090453641628623
267,-0.8348053160181914,-0.2155979181217189,0.4988761411106138,-0.08797850805699092
268,-0.8101878319473856,-0.2228356693485055,0.542151527322436,0.0034150918505381767
269,-0.7740047578680082,-0.2287343621816717,0.5832027822795218,0.09204206156129663
270,-0.7267259487654083,-0.2339366147464421,0.6212074577018042,0.1767607144352385
271,-0.669025989195743,-0.2390584891917943,0.6553182362338941,0.2565409787641938
272,-0.6017717949195677,-0.2446675865296274,0.6846831811709216,0.33048058999390123
273,-0.526006010613276,-0.2512627926632004,0.7084669936413387,0.3978180548223072
274,-0.44292657368892063,-0.2592562342034591,0.7258727470249745,0.4579421475178394
275,-0.35386290505349344,-0.26895794321129357,0.7361635486578787,0.5103977849071162
276,-0.26024926737494763,-0.280563657664304,0.7386835729331886,0.5548882156862678
277,-0.16359589814457418,-0.2941461010744334,0.7328779179656048,0.5912735497985496
278,-0.06545857690301643,-0.30964999240223023,0.7183107599119605,0.619565742363015
279,0.032592677837302686,-0.3268909385743849,0.6946813143499029,0.6399202318433475
280,0.12900506706479536,-0.3455582590294367,0.6618371619932942,0.6526245117162044
281,0.2222739081040766,-0.3652216874108321,0.6197845553319807,0.658083986883787
282,0.31097226794781674,-0.38534179245308675,0.5686953921025708,0.6568055287204387
283,0.39377866328627376,-0.40528386089200774,0.5089106191493732,0.6493791944295288
284,0.4695022055998447,-0.42433489240474986,0.44093991433212065,0.6364586160729652
285,0.5371046327402011,-0.4417232725218092,0.36545758262547134,0.6187405912845718
286,0.5957187448150142,-0.4566406163038945,0.28329469326578993,0.5969444206834219
287,0.6446628500158084,-0.4682652152219495,0.19542757550349188,0.5717915360998831
288,0.6834509231141929,-0.4757864736783737,0.1029628789793012,0.5439859490017639
289,0.7117982832986425,-0.4784296911612646,0.007119488774045363,0.5141960203930407
290,0.7296227062656951,-0.47548053194167766,-0.09079233729609376,0.48303801272187463
291,0.7370409953478526,-0.46630852690495367,-0.18939417248044965,0.4510618320616634
292,0.7343611452495713,-0.45038897152976176,-0.2872644704009883,0.41873930639163087
293,0.72207033699987,-0.427322619748796,-0.3829649169759556,0.3864552748268815
294,0.7008191014374615,-0.39685262459062565,-0.47506750759130356,0.3545016849704734
295,0.6714020785069676,-0.3588782418697585,-0.5621817513709128,0.32307481318500947
296,0.6347358786681386,-0.31346489116035103,-0.6429813978573896,0.29227563762752184
297,0.5918346188847132,-0.26085025693831315,-0.716230089308657,0.2621133085398745
298,0.5437837573690337,-0.20144620991480694,-0.7808053639810281,0.2325115767247493
299,0.4917128872786909,-0.13583643180314764,-0.8357204716942646,0.2033179615040432
300,0.43676816904975296,-0.06476973349599278,-0.8801435118078121,0.1743153657896898
301,0.38008508357865345,0.010850835778349055,-0.9134134643130757,0.14523578008020743
302,0.322762174025186,0.08998288498686047,-0.9350527556068982,0.11577566091335655
303,0.2658364130190912,0.17146327888379745,-0.9447760799483187,0.08561252399647848
304,0.21026078534050138,0.25403003775532274,-0.9424952836935493,0.05442225906230186
305,0.15688461492952605,0.336347055505259,-0.92832021007037,0.021896653311932412
306,0.10643709094113901,0.4170310788861648,-0.9025554952974091,-0.012239396368969535
307,0.059514362397416865,0.49468033067160266,-0.8656934000231489,-0.04821149522075248
308,0.016570476970831194,0.5679041144619077,-0.818402851098984,-0.08618067871192919
309,-0.022087661050931753,0.6353527097768383,-0.7615149554085019,-0.12623011565278924
310,-0.05630124297061516,0.6957468538794117,-0.6960053277574005,-0.1683539993293212
311,-0.08605645309042441,0.7479061117434083,-0.6229736467504557,-0.21244898294129316
312,-0.11147745064899067,0.7907754576454606,-0.5436209144163172,-0.25830844932285835
313,-0.13281567588471127,0.8234494305309608,-0.45922494560936217,-0.3056198307171863
314,-0.15043581355599125,0.8451932796584685,-0.3711146507281372,-0.3539651141494585
315,-0.16479883208369067,0.8554605857686106,-0.2806436991650998,-0.40282458373242785
316,-0.1764425902901342,0.8539069244915248,-0.18916416060100755,-0.4515837651878647
317,-0.18596056464353922,0.8403992309265478,-0.09800071658864301,-0.49954345216771245
318,-0.19397929645508738,0.8150206250559666,-0.008426015996060854,-0.5459326107997258
319,-0.20113518946012232,0.7780705644360999,0.07836228468867906,-0.5899238803924622
320,-0.2080513028807846,0.7300603008371247,0.16126230060386731,-0.6306513164302092
321,-0.21531478306238233,0.6717037284841774,0.23928607882278158,-0.6672299587225313
322,-0.22345555816872387,0.6039038205723697,0.31157476857039945,-0.698776754487369
323,-0.2329268856997957,0.5277349551207748,0.377410506067691,-0.7244323246319114
324,-0.24408829265293838,0.4444215284405425,0.43622480123232926,-0.743383032654208
325,-0.2571913842643224,0.3553133421429448,0.48760330054674295,-0.7548828002089705
326,-0.2723689210709662,0.2618583255615724,0.5312868898888108,-0.7582741119153442
327,-0.28962747746620593,0.16557321785387952,0.5671691907838221,-0.753007664537155
328,-0.3088439001864035,0.0680128813620493,0.5952905911560102,-0.7386601419919763
329,-0.32976568467396217,-0.029261051098653956,0.6158290350698121,-0.7149496371529234
330,-0.35201528356780953,-0.12471147824174478,0.6290878731010845,-0.6817482931746763
331,-0.3750982573158169,-0.21685636800951602,0.635481143974868,-0.6390917998728742
332,-0.398415074738619,-0.3042978377776413,0.6355167172663512,-0.5871854530043079
333,-0.4212762739044156,-0.38574912095674907,0.6297777748528696,-0.5264065643850537
334,-0.4429206033868728,-0.46005881672542004,0.6189031442805415,-0.45730309669657065
335,-0.46253568318188093,-0.5262318869087486,0.6035670194370945,-0.3805884864676681
336,-0.4792806553250773,-0.5834469440592572,0.5844586124043516,-0.29713270988811985
337,-0.49231023836373605,-0.6310694656173409,0.5622622749478347,-0.20794973656673088
338,-0.5007995587423626,-0.6686606683744183,0.5376386089845449,-0.11418160386722967
339,-0.5039691069394134,-0.6959818828777443,0.5112070530951055,-0.017079426877272763
340,-0.5011091575233122,-0.7129943762953657,0.48353038758437805,0.0820182656483246
341,-0.49160300044420124,-0.7198546819183317,0.45510154492519855,0.18170941274797592
342,-0.47494835568629784,-0.7169056012133068,0.42633304709934106,0.2805540078681157
343,-0.45077638429804767,-0.7046631475034628,0.3975493180765164,0.37710083479964474
344,-0.41886776481247207,-0.6837997964180581,0.3689820403410395,0.4699147666602867
345,-0.37916537380607057,-0.6551244948606799,0.3407686410323532,0.5576040251190847
346,-0.3317831911130554,-0.6195599552912449,0.31295390805353696,0.6388467948799353
347,-0.27701114199828664,-0.57811782377648,0.28549465160885423,0.7124166006933661
348,-0.21531568812939264,-0.5318723570534639,0.2582672442348527,0.77720588057676
349,-0.14733608400912676,-0.4819332746582547,0.23107779460042915,0.832247228874105
350,-0.07387632302977368,-0.42941846628466557,0.20367463916270742,0.8767318353243839
351,0.004107095183545878,-0.3754272316613558,0.17576277300070453,0.9100247101718419
352,0.08552133964560935,-0.3210147104971875,0.14701978841669575,0.9316763590021687
353,0.16915702907265073,-0.2671681239945123,0.11711284854943496,0.9414306526458576
354,0.25371119136324305,-0.21478539802202493,0.085716194347253,0.9392287251783724
355,0.3378128920793305,-0.1646566726103098,0.05252866755114277,0.9252088246418753
356,0.4200509530089894,-0.11744912466857405,0.0172907302499703,0.899702134396854
357,0.4990031263026262,-0.07369544271020584,-0.020199526840747786,0.8632246757243218
358,0.5732660494102008,-0.033786196163611004,-0.0600718702392876,0.8164654921969263
359,0.6414852821477457,0.002033760022662423,-0.10237134879862964,0.7602714012463865
360,0.7023847203222973,0.03366480971322057,-0.14704805355857908,0.6956286762270337
361,0.7547946906588202,0.06114809845087237,-0.1939495476867368,0.6236420912359999
362,0.7976780590909242,0.08465722756593227,-0.24281623260945712,0.5455118193468701
363,0.8301537281652607,0.10448639051820452,-0.29327983988231704,0.462508721353878
364,0.8515169583303891,0.12103531341832295,-0.34486515642257076,0.37594859551157167
365,0.8612560208156786,0.13479144302691864,-0.39699500550062755,0.2871659783174632
366,0.8590647748903083,0.1463098952328789,-0.44899841952990144,0.19748809168975853
367,0.8448508574618103,0.15619173331744468,-0.5001218554033133,0.1082095228585978
368,0.8187392759099358,0.1650611868116451,-0.5495432210770704,0.020568200189704955
369,0.7810713032460674,0.17354244741620234,-0.596388405398523,-0.06427680838756789
370,0.7323986854981159,0.18223668764295664,-0.639749933785759,-0.1452651967219551
371,0.6734732819388184,0.19169994033712184,-0.6787073120832869,-0.22145260421585578
372,0.605232366694143,0.20242245325496036,-0.7123485713082207,-0.2920247347044129
373,0.528779922749758,0.2148100930215774,-0.7397924883677434,-0.3563081410625975
374,0.44536435391105905,0.22916831809923688,-0.7602109331768873,-0.41377749011186415
375,0.3563531245563834,0.24568917225365405,-0.7728507816197742,-0.46405921023714264
376,0.263204908995933,0.26444167014857245,-0.7770548368190003,-0.5069315136639986
377,0.16743989015592242,0.28536585715978174,-0.7722812182011249,-0.5423208743592867
378,0.07060888974243062,0.3082707285539613,-0.758120708513131,-0.5702951287970968
379,-0.025737962024705963,0.33283609129043445,-0.7343115925576954,-0.5910534482436413
380,-0.12008230019831223,0.35861834746499244,-0.7007515769498716,-0.6049135057533647
381,-0.21096763399571977,0.3850600744761388,-0.6575064463312553,-0.6122962269061621
382,-0.29702780795897266,0.4115031760011496,-0.6048151866192847,-0.6137085688457828
383,-0.37701317455686123,0.43720528239638634,-0.5430913881989875,-0.6097248160599579
384,-0.44981389478859246,0.4613589916203808,-0.4729208294812519,-0.6009669125242288
385,-0.5144798546788474,0.48311346445903225,-0.3950552318170671,-0.5880843675885219
386,-0.5702367690492335,0.501597822694456,-0.3104022681560319,-0.5717342769294723
387,-0.6164981375392465,0.5159457475839023,-0.22001199782406528,-0.5525619899832004
388,-0.6528728192084947,0.525320639936288,-0.1250599861572286,-0.5311829318210736
389,-0.6791680986725902,0.5289406831454283,-0.026827448335639992,-0.5081660510845875
390,-0.6953882259714097,0.5261031473094359,0.07332117037811337,-0.4840193173271339
391,-0.7017285215443415,0.5162072861656536,0.17396270248362944,-0.45917763219181074
392,-0.6985652441019932,0.4987752087067434,0.27364132647455547,-0.43399345082329255
393,-0.6864415202209802,0.47347015330894787,0.3708956280068166,-0.40873033453334257
394,-0.6660497276682076,0.4401116528906564,0.4642860602233172,-0.38355957496232007
395,-0.6382108075045959,0.3986871535516482,0.5524221972230181,-0.35855994588423723
396,-0.6038510509008752,0.34935973450759467,0.6339891768526023,-0.3337205535540969
397,-0.5639769636032488,0.29247167182973954,0.7077727455811729,-0.30894667228256606
398,-0.5196488527443549,0.228543690185739,0.7726823488140132,-0.28406837090569836
399,-0.4719538062183784,0.15826985293675672,0.8277717538814678,-0.2588516600745779
400,-0.4219787435472049,0.08250814894190814,0.8722567490542866,-0.23301182176395596
401,-0.3707842088965911,0.0022669415679307525,0.905529528934478,-0.20622852284920123
402,-0.31937955192072814,-0.08131245097085951,0.927169452831436,-0.17816226555665798
403,-0.2687001010992953,-0.16697667729875887,0.936949946412172,-0.14847169031744636
404,-0.21958687826346351,-0.25338432097697294,0.9348414059831766,-0.1168312220125488
405,-0.17276933353558466,-0.3391323812128767,0.9210100570619295,-0.08294853942857096
406,-0.1288514987187721,-0.4227846669427088,0.8958128121906419,-0.046581350250503334
407,-0.08830186634282143,-0.5029014540218086,0.8597882649736989,-0.007552970054169494
408,-0.05144720341579964,-0.5780697199378524,0.8136440458565695,0.03423376686578118
409,-0.018470405940819223,-0.6469332517668328,0.758240848067825,0.0787846951137258
410,0.010587604954567884,-0.7082219215241385,0.6945735074189389,0.12600498119415585
411,0.03582204920059143,-0.7607794387035234,0.6237495854892408,0.1756925753668145
412,0.057454721885711546,-0.8035889222999496,0.546965960541696,0.22753469383489033
413,0.0758209969104302,-0.8357956832165694,0.4654839730162102,0.2811074940464864
414,0.0913537897816183,-0.8567266714987422,0.3806037016352073,0.3358790224720798
415,0.10456494679718108,-0.8659061197881726,0.29363796136248554,0.3912154281998272
416,0.11602459329011573,-0.8630670028830505,0.20588661535933014,0.4463903492485111
417,0.12633902513545464,-0.8481580311745407,0.11861177971096765,0.5005972938358169
418,0.13612776408182464,-0.8213460006217955,0.03301447243464861,0.5529647581162179
419,0.14600041774466702,-0.7830134312675721,-0.04978678214881399,0.6025737471847212
420,0.15653398878994093,-0.7337515374147889,-0.12877493514853486,0.6484772993501275
421,0.16825126486371342,-0.6743486827654696,-0.20305058573755236,0.6897215565399375
422,0.18160089152342496,-0.6057745803745674,-0.27184502198016325,0.7253678776969106
423,0.19693968555196945,-0.5291605975880684,-0.33452988698342295,0.754515458376957
424,0.21451768673098948,-0.445776617766511,-0.3906233126762351,0.7763238993655146
425,0.23446637392358752,-0.35700499130469027,-0.4397924518936358,0.7900351605720093
426,0.2567903880050997,-0.2643121762785374,-0.4818524288131141,0.7949943439710699
427,0.2813630118996364,-0.16921872233126356,-0.5167618159294551,0.790668770816602
428,0.30792555907356073,-0.07326828886225323,-0.5446148304768814,0.7766648532932809
429,0.33609071881742264,0.0220035906965228,-0.5656305224160796,0.7527423083848515
430,0.36534980213233864,0.11510028322722343,-0.5801392978463449,0.7188253209071191
431,0.39508372868398944,0.20459366738231682,-0.5885671842194141,0.6750103319625893
432,0.4245774957271154,0.2891519113278732,-0.5914182954968707,0.6215702068544711
433,0.4530377766742164,0.3675647927797234,-0.5892559951563039,0.5589546208658072
434,0.47961321246476263,0.4387659991243329,-0.5826832817660338,0.4877865902133937
435,0.5034168852501837,0.501851920615948,-0.5723229350950477,0.4088551667562461
436,0.5235504030387219,0.5560965363804811,-0.5587979601274151,0.32310440644019955
437,0.5391289774174339,0.6009620890772844,-0.5427128519813282,0.23161881075375654
438,0.5493068455020481,0.6361053471877598,-0.5246361770112811,0.1356055254579297
439,0.5533023726860872,0.6613793614586495,-0.505084925052367,0.03637365944386434
440,0.5504221749844401,0.6768307313687006,-0.48451103592064615,-0.06468884317572121
441,0.5400836187884143,0.6826925059082147,-0.463290441271093,-0.16614028445866302
442,0.5218350912425325,0.6793729477907271,-0.4417148923524401,-0.26651170561931237
443,0.495373485379565,0.6674404888746621,-0.4199867669118226,-0.3643342138924301
444,0.46055840938078324,0.647605294640097,-0.39821696648997296,-0.45816654341219665
445,0.4174227072730923,0.6206979348382331,-0.3764259307206651,-0.5466222423405638
446,0.36617896712305453,0.5876457239787123,-0.35454771018454256,-0.6283958850351652
447,0.30722179015473894,0.5494473475319134,-0.33243695605190654,-0.7022877289225602
448,0.24112569779923437,0.507146426349654,-0.30987860532178246,-0.7672262704479186
449,0.16863866091453802,0.46180469198846236,-0.28659996696447676,-0.822288202176316
450,0.09067134363416769,0.41447544890679894,-0.262284848590334,-0.8667153326767848
451,0.008282260821451837,0.36617798587599637,-0.23658930708759027,-0.8999281007876656
452,-0.07734084972970001,0.31787356879000594,-0.20915856144387118,-0.9215353945467938
453,-0.16490304394799157,0.27044360119128574,-0.1796445728594107,-0.9313404705657048
454,-0.25302709462060147,0.2246704784491122,-0.14772377713652785,-0.9293428598584152
455,-0.340280764114521,0.18122158819327383,-0.113114447721891,-0.9157362389153978
456,-0.42520580858049667,0.14063682520365256,-0.07559317487514555,-0.890902337890265
457,-0.5063480492019389,0.10331989564198354,-0.03500996708122352,-0.8554010488881187
458,-0.5822878157701716,0.06953358566166835,0.008698485488927044,-0.8099569843027662
459,-0.6516700544269787,0.03939906558374253,0.05549779976690961,-0.7554428158472926
460,-0.7132333951880938,0.012899195613684482,0.1052474981605297,-0.6928597974135401
461,-0.7658374957925494,-0.010114304839830307,0.1576955072492432,-0.6233159374420096
462,-0.8084880160351257,-0.029910062170271166,0.21247577297598857,-0.5480023375924706
463,-0.8403586301415228,-0.046862959363709544,0.2691091278644212,-0.46816825296723497
464,-0.8608095526561224,-0.06143716875787235,0.3270074610974855,-0.38509545405983686
465,-0.8694021340896481,-0.07416679672860568,0.3854811556973941,-0.3000724814200476
466,-0.8659091742574656,-0.08563469123263093,0.4437496707439923,-0.21436938053006824
467,-0.8503207015986921,-0.09645000976774326,0.5009550627536322,-0.1292134867187042
468,-0.8228450733544252,-0.10722517643594279,0.55617816115123,-0.04576679858872984
469,-0.7839053616995946,-0.11855287163318137,0.6084570402302006,0.034894565772656705
470,-0.7341311020752215,-0.13098369607508673,0.6568073659740548,0.1117983914488947
471,-0.6743455893401744,-0.1450051324550316,0.7002441422645761,0.18409149606457823
472,-0.6055490122816911,-0.1610223934927129,0.7378043387302256,0.2510516685254222
473,-0.5288978149290517,-0.17934169534788752,0.7685698529133952,0.3120962012996932
474,-0.4456807616145919,-0.20015643161150332,0.7916902433608319,0.3667868865955485
475,-0.3572922596628096,-0.22353664696310538,0.8064046681359753,0.4148314354747367
476,-0.26520355708940724,-0.24942212303136213,0.8120624752372263,0.45608136791722553
477,-0.17093248121671611,-0.27761929420945347,0.8081419172507397,0.49052650889635274
478,-0.07601241648911966,-0.3078021105641937,0.7942665016956879,0.5182863084780615
479,0.018038764770212046,-0.33951686109043505,0.7702185400229606,0.5395982807661295
480,0.10974910673643234,-0.37219086603989116,0.7359495208886494,0.5548039252842372
481,0.1977216166886573,-0.40514484455257405,0.6915870056393192,0.5643325534269092
482,0.28066129666497225,-0.43760866594885794,0.6374378241761656,0.5686834904851341
483,0.35739955451381766,-0.4687401022957327,0.573987435564106,0.5684071593036535
484,0.4269154547182204,-0.4976461185612917,0.501895407824347,0.5640855740119965
485,0.4883533482499083,-0.5234061669005783,0.4219870630969361,0.5563127809806008
486,0.5410365104737946,-0.545096895170772,0.3352414255399062,0.5456757790222041
487,0.5844765145363569,-0.5618176381187103,0.2427756977082241,0.5327364320716479
488,0.6183781722892284,-0.572716033913363,0.14582657455912168,0.5180148556625883
489,0.6426399830283442,-0.5770130995082984,0.045728780608357666,0.5019747143365049
490,0.6573501394905236,-0.5740271059958291,-0.05610871676927759,0.4850108118344837
491,0.6627782479458268,-0.5631956195159011,-0.15822830800801513,0.4674392909810797
492,0.6593630222074267,-0.5440951138480569,-0.25915060119199174,0.44949068726057695
493,0.6476963074165629,-0.5164576165783727,-0.35740195446687706,0.43130600109480527
494,0.6285038761919711,-0.4801839203457587,-0.45154207651280637,0.41293587079780947
495,0.602623515040171,-0.43535297243711646,-0.5401910870166986,0.3943428432449426
496,0.5709809809723241,-0.3822271479115564,-0.6220554399907459,0.3754066546362727
497,0.5345644555663753,-0.3212532112300019,-0.6959521379023237,0.355932351534139
498,0.4943981551213729,-0.25305887658263765,-0.7608307033126086,0.3356610047237515
499,0.4515157703440003,-0.17844498514046592,-0.8157924261332722,0.31428269738002856
