,0,1,2,3
0,0.8298343814183378,0.0,-0.5580097664163637,0.0
1,0.7802826677833121,0.00866528801035775,-0.6211820402720156,-0.07222703084130505
2,0.7198529421918655,0.02074476864877385,-0.6796545412857398,-0.1394672029585966
3,0.649674987893218,0.03672405172657295,-0.7322197370643075,-0.2010671797788168
4,0.5710497387721516,0.056952748458027835,-0.7777205625839685,-0.2565332470176329
5,0.4854207758674113,0.08162919092693646,-0.8150779264708623,-0.30553448140079714
6,0.39434286304379207,0.11078932161338392,-0.8433171340586454,-0.34790177347346735
7,0.2994482667041707,0.14430008412814327,-0.8615925725490062,-0.38362280982348257
8,0.202411654807132,0.1818575300887325,-0.8692100393491989,-0.4128332208565929
9,0.10491440139424571,0.2229897350580448,-0.8656461458733663,-0.4358041952223693
10,0.008609133596306967,0.26706449173514973,-0.8505642945604341,-0.45292694873663464
11,-0.08491465155289385,0.31330162429100883,-0.8238268050136135,-0.4646945120284165
12,-0.17416310294151868,0.3607896470245624,-0.7855028541201197,-0.47168136526983934
13,-0.2577679154287657,0.4085063764353822,-0.7358719926083558,-0.47452149865074655
14,-0.3345129329590461,0.4553430012631876,-0.6754231043691066,-0.47388551251137456
15,-0.4033568572591296,0.5001310226914442,-0.6048487824734995,-0.470457390402121
16,-0.46345156263485954,0.5416713991087633,-0.5250352045330221,-0.46491158135696037
17,-0.5141556272529294,0.5787651685628776,-0.43704769720367576,-0.4578910143161741
18,-0.5550428102897611,0.610244778910314,-0.34211228260959,-0.4499866382971859
19,-0.5859053294886818,0.6350053317912969,-0.24159359572291206,-0.44171903737450435
20,-0.606751921874872,0.6520349425938452,-0.13696964892046432,-0.43352261095863814
21,-0.6178007984504209,0.6604434346659858,-0.02980399589839966,-0.4257327387799844
22,-0.6194677284530656,0.6594886218413449,0.07828409000705677,-0.418576268222136
23,-0.6123496071231218,0.6485994880183952,0.18565075982210563,-0.4121655713131667
24,-0.5972039699590601,0.6273956447618182,0.2906593596033768,-0.40649632209159703
25,-0.5749250134656106,0.5957025359197096,0.3917121163646055,-0.40144904469129955
26,-0.5465167650251386,0.5535619599195506,0.48728102913796106,-0.3967943809061974
27,-0.5130641107322254,0.5012375932220619,0.5759372733359048,-0.39220192580086777
28,-0.4757024382145671,0.4392153195963959,0.656378461433813,-0.38725238369096143
29,-0.435586680464815,0.36819829644108043,0.72745315356271,-0.381452706991571
30,-0.393860555853103,0.28909681818235167,0.7881820766494848,-0.37425379932397557
31,-0.35162678860155117,0.2030131646443849,0.8377755886777849,-0.3650702939632624
32,-0.30991906340405384,0.11122174603211377,0.875647013559116,-0.3533018610102743
33,-0.269676418384189,0.015144972722485939,0.901421569824559,-0.3383554530722669
34,-0.23172071349010595,-0.08367461547615657,0.9149407204820214,-0.3196678708728693
35,-0.19673772845610754,-0.183605332218032,0.9162618793855689,-0.2967280178342824
36,-0.1652623477404619,-0.2829597326559018,0.9056535186929682,-0.269098216630391
37,-0.13766818184431107,-0.38002963803094036,0.8835858297787453,-0.2364339809332834
38,-0.11416185787413341,-0.4731219852571914,0.8507171936951707,-0.19850167159103255
39,-0.09478209008831401,-0.5605946666662983,0.8078768144087082,-0.1551935174053032
40,-0.07940351656231584,-0.6408915221035512,0.7560439562268406,-0.10653954526933879
41,-0.06774516417159851,-0.7125756629943445,0.6963243039363668,-0.05271604107923594
42,-0.059383283962062994,-0.7743603454289325,0.6299240283428423,0.00594975036379064
43,-0.05376818569157327,-0.825136665845925,0.5581221895980828,0.06897888345246356
44,-0.05024459674588136,-0.8639974271617845,0.4822421447551716,0.13574402446366718
45,-0.04807497937492938,-0.8902566133861931,0.4036226436139273,0.20547681193349066
46,-0.046465163566386025,-0.9034640146787803,0.3235892977380271,0.27727915382275004
47,-0.04459159280841726,-0.9034146598990469,0.2434270915785468,0.3501382487188566
48,-0.04162943801137109,-0.8901528371592804,0.16435457238342532,0.4229450211609097
49,-0.03678081202063433,-0.8639706116838857,0.08750030786780257,0.49451557117720224
50,-0.02930231404041226,-0.8254008812501018,0.013882138707022406,0.5636151575750536
51,-0.01853114998340427,-0.7752051394231594,-0.05561032161647145,0.6289841654778966
52,-0.0039091108482255665,-0.7143562425182497,-0.12022957232814505,0.6893654528371539
53,0.01499625420019332,-0.64401659464181,-0.17938022275416685,0.7435324296024991
54,0.03847386168307432,-0.565512273386647,-0.2326249280897258,0.7903171979955317
55,0.06665521922756096,-0.4803037141333595,-0.27968619368438435,0.8286380735892884
56,0.09950485706413598,-0.3899536511171716,-0.32044408268625146,0.8575258149306053
57,0.1368153593868418,-0.2960930765036909,-0.3549299650178868,0.8761479141188608
58,0.17820717082594567,-0.200386023152729,-0.3833165446383941,0.8838303415236023
59,0.22313322992633708,-0.1044940014718882,-0.4059044944073332,0.8800761937349291
60,0.27088835646168585,-0.010040925194768152,-0.42310611130762604,0.8645807635662838
61,0.3206231958040578,0.08142065501090999,-0.4354264772356662,0.8372426327965657
62,0.3713624045385091,0.1684412270627979,-0.4434426702369479,0.7981704803700028
63,0.4220266500775834,0.2497031739412625,-0.44778161648877135,0.7476853987357621
64,0.471457896020559,0.3240461554453903,-0.4490972034032881,0.6863186164721712
65,0.5184473569872812,0.39048844782966907,-0.4480472882278611,0.6148046337302099
66,0.5617654338848785,0.44824377577950847,-0.4452712341450531,0.5340698856984976
67,0.6001928849066243,0.4967332840652634,-0.4413685872243587,0.445217155577787
68,0.6325524504589101,0.5355924173023345,-0.43687947316546016,0.3495060598521009
69,0.6577401326449546,0.5646726025202823,-0.4322672435086885,0.24833002247124553
70,0.6747553323956252,0.5840377575640131,-0.4279038381571131,0.14319023861171337
71,0.682729069820953,0.5939557755260192,-0.42405825628214366,0.03566720089451292
72,0.6809495553526985,0.594885258285203,-0.4208884428971704,-0.07260958046638782
73,0.6688844397622113,0.5874578877617348,-0.41843680575979686,-0.17999298857470108
74,0.6461991487083389,0.5724569288333009,-0.4166294791778275,-0.28485013940557546
75,0.6127708002089598,0.5507924503993795,-0.4152793502596817,-0.38559393698840017
76,0.5686973090670452,0.5234739285533516,-0.4140927617526116,-0.4807136376772746
77,0.5143013982231632,0.4915809563337352,-0.41267970644698737,-0.5688037403556148
78,0.4501293603955604,0.4562328266083025,-0.4105672337307423,-0.648590559152358
79,0.3769445411609669,0.41855777729391347,-0.4072157016729231,-0.7189558903484661
80,0.29571564366453973,0.37966269081365744,-0.4020374302363532,-0.7789572542733957
81,0.20760008223088733,0.3406040224240502,-0.39441724486610613,-0.8278442744372385
82,0.11392273412847764,0.3023606952915406,-0.38373434648427857,-0.8650708479192851
83,0.016150552588255096,0.26580964492946957,-0.3693849052230068,-0.8903028608888968
84,-0.08413639293759856,0.2317046232567447,-0.3508047520609291,-0.90342130862426
85,-0.18527679393150226,0.20065878496738102,-0.32749153551629107,-0.904520787937491
86,-0.2855621684335332,0.17313147834449918,-0.29902571990726673,-0.8939034388566405
87,-0.38327233018181045,0.14941955167593512,-0.26508982721866003,-0.8720685190964927
88,-0.47671143932685406,0.12965336785249765,-0.22548536570664052,-0.8396978966697285
89,-0.564243795732103,0.11379759656354063,-0.1801469440285886,-0.7976378404710704
90,-0.6443285392245932,0.10165672887002111,-0.12915313853330987,-0.7468775735173365
91,-0.7155524448513824,0.092885135988797,-0.07273376168271484,-0.6885251266954852
92,-0.7766600446688735,0.08700137597525096,-0.011273269401463448,-0.6237810906001869
93,-0.8265803697952934,0.08340634163298097,0.054689857774480044,-0.5539109079094625
94,-0.8644496858789397,0.08140474320032295,0.12446782298398457,-0.4802163776985536
95,-0.8896296898384866,0.08022933268710719,0.19723226983268172,-0.4040070554719403
96,-0.9017207434006622,0.07906720535369921,0.27202694294918295,-0.3265722282562227
97,-0.9005698369581344,0.07708745954463544,0.3477840067151621,-0.24915412301485357
98,-0.8862731027046074,0.07346946028631676,0.42334368123947486,-0.1729229695043287
99,-0.8591728257991336,0.06743093564215552,0.4974767672300608,-0.09895448647273529
100,-0.8198490332845366,0.0582551382105672,0.5689095541453758,-0.028210294159945318
101,-0.7691058694239651,0.045316327273454776,0.6363505408521604,0.03847832191268637
102,-0.7079530898645955,0.028102869380465495,0.698518346653715,0.10042295888848615
103,-0.6375831225572399,0.006237315529385279,0.754170154317333,0.15708671510383998
104,-0.5593442478289039,-0.020507109938551954,0.8021300065823348,0.20808873925060772
105,-0.4747105408699796,-0.0521940820010596,0.8413162741339797,0.25320467426237503
106,-0.3852492949449243,-0.0887161784917036,0.8707676263333965,0.2923630642676489
107,-0.2925867010431615,-0.12979157014112375,0.8896668658321372,0.3256378948055711
108,-0.19837259807142688,-0.1749655321973339,0.8973620338938832,0.3532375334008694
109,-0.1042451261373786,-0.22361678831549187,0.8933842537219779,0.37549042712390657
110,-0.011796113568395883,-0.2749685723321193,0.8774618529082695,0.39282799368821014
111,0.07746199386555197,-0.3281041709316277,0.8495303915014156,0.4057652109768577
112,0.1621268949130614,-0.3819865931751223,0.8097383170769172,0.4148794649506675
113,0.24093417984004167,-0.43548190435808093,0.7584480702739406,0.4207882563228203
114,0.3127814338602225,-0.4873856644494889,0.6962325710606242,0.4241263912040684
115,0.3767481610528789,-0.5364518279158744,0.6238671248953841,0.4255232895433074
116,0.43211109827892363,-0.5814233941834669,0.5423168963056307,0.4255810374321035
117,0.478354604215406,-0.6210640480789482,0.452720202556912,0.42485378544452135
118,0.5151759315024801,-0.6541899986137569,0.356367979459419,0.42382905578817454
119,0.5424853170705382,-0.6797012132661059,0.25467986251981917,0.42291146718237455
120,0.5604009538248068,-0.6966112538034788,0.14917740735840795,0.422409319452608
121,0.569239032824616,-0.7040749485088136,0.04145504159455826,0.42252440156469034
122,0.5694991657787264,-0.7014131837603237,-0.0668506054189194,0.42334529922944075
123,0.5618456100964019,-0.6881341641202599,-0.17409230988956215,0.42484438353734866
124,0.5470848201073423,-0.6639505728100619,-0.278644090428448,0.42687856275832137
125,0.5261399358929533,-0.6287921616724438,-0.378932561543479,0.42919377800703296
126,0.5000228932997071,-0.5828134090641631,-0.47346710253040086,0.43143312252615196
127,0.46980489337091,-0.5263960029005583,-0.5608681689371164,0.43314836646141214
128,0.4365860053136843,-0.4601460313591387,-0.6398931182862522,0.4338145767013475
129,0.4014646933626719,-0.38488589245322563,-0.7094589812379053,0.43284743699665323
130,0.36550805415283283,-0.30164106262694357,-0.7686616823970422,0.42962279932662395
131,0.3297235276137951,-0.21162199050841884,-0.8167912997247665,0.42349793525481927
132,0.29503280158756107,-0.1162015018663497,-0.853343045919143,0.4138339074228216
133,0.2622485694709103,-0.016888212670541136,-0.8780237568735736,0.40001844763569416
134,0.23205472276658756,0.08470345379550709,-0.8907537789049164,0.38148871008647933
135,0.20499046847892322,0.18688596504814414,-0.891664255259448,0.3577532666425717
136,0.1814387571582517,0.2879333436360354,-0.8810899207908516,0.3284127258560686
137,0.16161929373595024,0.3861169980989299,-0.8595576190131093,0.29317838813234126
138,0.14558628298676496,0.479741890339585,-0.827770855395358,0.2518883955594954
139,0.1332309375604386,0.5671821983269851,-0.7865907923612937,0.20452089514318023
140,0.12428865218120552,0.6469156427219434,-0.7370141727620322,0.15120380712313952
141,0.11835062597127047,0.7175556759146894,-0.6801487276459276,0.09222087386512107
142,0.11487959899297503,0.7778807813727151,-0.6171866792958275,0.028013757441256615
143,0.1132292619564231,0.8268601989180152,-0.5493769904348023,-0.040819946874828705
144,0.11266680231704346,0.8636754759349957,-0.4779970342862905,-0.11353281084172007
145,0.11239796811414966,0.8877373434912373,-0.40432436728604293,-0.18923771229243458
146,0.11159396495087621,0.8986975275091869,-0.329609276568557,-0.26692183469205166
147,0.10941945316045204,0.896455225733513,-0.25504874819317547,-0.3454642493373761
148,0.10506088267254511,0.881158108338379,-0.18176246014723543,-0.4236567090496981
149,0.0977543931414599,0.8531978304937106,-0.11077134756809887,-0.5002271976015672
150,0.08681251678650569,0.8132001758593219,-0.042979217827439076,-0.5738657053235549
151,0.07164895088612275,0.7620100775965538,0.020842188089856634,-0.643251640241857
152,0.051800715228665195,0.7006718849515707,0.08006438203295067,-0.7070822372750535
153,0.026947075846374402,0.6304053557983688,0.13420935467584005,-0.764101296688833
154,-0.0030753016087450846,0.552577955986149,0.18295273493992661,-0.813127568008972
155,-0.03826140950553092,0.46867413246365536,0.2261228809037849,-0.8530820973586674
156,-0.07843150002644728,0.3802622968567026,0.26369600379727054,-0.8830138747348288
157,-0.12322944788921675,0.2889603077668086,0.2957875269929065,-0.9021231526702158
158,-0.17212596850687056,0.1964002723002108,0.3226399764833019,-0.9097818582390116
159,-0.22442666100108477,0.10419349946914966,0.3446077858048898,-0.9055505852590054
160,-0.2792847207159629,0.013896429871079002,0.3621394745791013,-0.8891917312722906
161,-0.3357180445893258,-0.07302166230922363,0.3757577238981331,-0.8606784325760763
162,-0.39263033799329794,-0.15520844667225875,0.38603792209897286,-0.8201990480794064
163,-0.4488357263627086,-0.23145511095158222,0.39358578981010606,-0.7681570467127191
164,-0.5030862817625805,-0.30071913233001424,0.39901471266372235,-0.7051662609845073
165,-0.5541017958789827,-0.3621427425237396,0.402923413285876,-0.6320415784322491
166,-0.6006010687646883,-0.41506669222144155,0.4058745810635265,-0.5497852504874724
167,-0.641333938636512,-0.4590390385100572,0.4083750491084038,-0.45956910203194573
168,-0.6751132532575105,-0.4938188032686205,0.4108580635640347,-0.3627130221246812
169,-0.700845978617145,-0.5193744780637242,0.41366813208790704,-0.260660204647951
170,-0.7175626559214017,-0.5358774786569993,0.4170488674939752,-0.15494968479230192
171,-0.7244444529955365,-0.5436907766628608,0.42113416098527595,-0.04718678148552058
172,-0.7208471102631077,-0.5433530540842362,0.4259429292366326,0.06098789450356673
173,-0.7063211532000497,-0.5355588354758191,0.43137758311440905,0.16793017320394543
174,-0.6806278308327559,-0.5211351496426493,0.437226265514443,0.2720240879906161
175,-0.6437503413159442,-0.5010153556814143,0.44316880422781413,0.37171295697933165
176,-0.595900018403853,-0.47621083477722304,0.44878622550654,0.4655290889973056
177,-0.5375172739461803,-0.4477812978548318,0.4535735776638617,0.5521214532565415
178,-0.46926721841104957,-0.4168044887759988,0.4569557240753691,0.6302807010338274
179,-0.39203001073110355,-0.38434607257908593,0.458305683656253,0.6989609914062286
180,-0.3068861172914983,-0.35143048807479305,0.4569650263676294,0.757298149834062
181,-0.21509678445048336,-0.3190135142459493,0.45226577337079377,0.8046237762363396
182,-0.11808014651868737,-0.28795725114526144,0.4435532076062849,0.8404750160077128
183,-0.01738349870689565,-0.2590081496114704,0.43020897197315205,0.8645998108034469
184,0.08534764048737625,-0.23277864184097752,0.41167381968807476,0.8769575533338758
185,0.18840297300987335,-0.20973282876511729,0.38746938517566876,0.8777151792300337
186,0.29004260365616663,-0.19017657274474437,0.35721836392911865,0.8672388366045515
187,0.3885331492743396,-0.17425222803768833,0.32066252572168313,0.8460813776089472
188,0.4821839381155539,-0.16193811976962494,0.277678036480697,0.8149660135521477
189,0.5693824582206566,-0.15305275783388986,0.22828762881378023,0.7747665636310235
190,0.6486282297035126,-0.1472636484122867,0.17266923801027165,0.7264848048878527
191,0.7185643118248458,-0.14410044578233258,0.11116080742893614,0.6712254957827278
192,0.7780057109753171,-0.14297207379701302,0.044261062362955794,0.6101696962013714
193,0.8259640287584531,-0.1431873427602197,-0.027373847625325187,0.5445470416195105
194,0.861667778497561,-0.14397849600080884,-0.10293783380399224,0.47560764770992
195,0.8845779015040951,-0.14452704358757984,-0.18148637200983192,0.40459432351079017
196,0.8943981288124396,-0.1439911802769561,-0.2619518135600275,0.33271575639255024
197,0.8910799570030287,-0.14153404247836449,-0.34316219381457197,0.2611213008997608
198,0.8748221351855978,-0.1363520358393562,-0.4238631378940156,0.1908779569421576
199,0.8460646910457192,-0.12770246159092866,-0.5027423814710467,0.12295006198513334
200,0.8054776538605928,-0.11492968615492415,-0.5784563544272523,0.05818214841602143
201,0.7539447583767451,-0.0974891343012345,-0.6496582182906822,-0.0027146669783579686
202,0.6925425323257332,-0.07496844046569093,-0.715026706211096,-0.05917248734773009
203,0.6225152792244493,-0.047105164344030476,-0.7732950878913264,-0.11077245897502247
204,0.5452465643041572,-0.013800563775480446,-0.823279572087751,-0.15724654125609322
205,0.46222789259184605,0.024870981957652805,-0.8639064663226896,-0.1984752554158971
206,0.3750253323572609,0.0686571944717771,-0.8942374372039814,-0.2344815464816845
207,0.2852448827895473,0.11712794158791268,-0.9134922546918395,-0.26542099155827115
208,0.19449741078922708,0.16968015925708824,-0.9210684588604352,-0.29156867946203563
209,0.10436398755181307,0.22554757827485905,-0.9165574568601327,-0.3133031699659607
210,0.016362441077819992,0.2838150598134618,-0.8997566392378757,-0.3310880132116195
211,-0.06808409372712548,0.34343722413753736,-0.8706771965535371,-0.3454513694570255
212,-0.14767589920276822,0.4032609447111345,-0.8295474171149685,-0.3569643147756108
213,-0.22126201634708742,0.46205117809111546,-0.7768113522186381,-0.3662184484851664
214,-0.28786163353829053,0.518519511122325,-0.713122843954852,-0.3738034322366205
215,-0.3466810533173981,0.571354733268759,-0.6393350197675884,-0.38028508850716425
216,-0.3971258798273152,0.6192546853224439,-0.5564854648839397,-0.3861846678086661
217,-0.43880818968536,0.6609585976919726,-0.46577738583447115,-0.39195985973989556
218,-0.47154857457828725,0.6952791129894078,-0.3685571730769606,-0.39798807397630875
219,-0.4953730715778875,0.7211331892228144,-0.2662888558932625,-0.4045524546753871
220,-0.510505123898483,0.7375711015782793,-0.1605260161699219,-0.41183101719347603
221,-0.5173528374009584,0.7438028020532831,-0.05288178760104095,-0.4198892113772199
222,-0.5164919135466861,0.7392209561078898,0.05500238819660558,-0.4286761231798315
223,-0.508644744857417,0.7234200525894139,0.16148854828857137,-0.43802442832804905
224,-0.4946562516382733,0.6962110755885362,0.2649738252772086,-0.44765411073839695
225,-0.47546711648517026,0.6576313323442927,0.3639211868962472,-0.45717985693638724
226,-0.45208513401618405,0.6079491472475188,0.4568886127317202,-0.46612193846531563
227,-0.42555543585493655,0.5476632555492156,0.5425560607384825,-0.4739202997250572
228,-0.396930374128791,0.477496858519053,0.6197496299444338,-0.47995148127925574
229,-0.3672398500891869,0.39838643136055035,0.6874623935687186,-0.48354793065739066
230,-0.33746285787705993,0.3114655029730821,0.7448714570527504,-0.48401918606526706
231,-0.3085009774050023,0.21804374949699223,0.7913508862364653,-0.4806743649272461
232,-0.2811544957591698,0.11958185844602465,0.826480249873213,-0.4728453502092516
233,-0.25610176485075026,0.017662724273143804,0.8500486254333763,-0.4599100440416686
234,-0.23388231611056973,-0.08604037314996671,0.8620540251264533,-0.44131505091289025
235,-0.21488415304364433,-0.18979788068548656,0.8626983076268187,-0.41659716186723994
236,-0.1993355319913898,-0.2918595908145233,0.8523777474618384,-0.385403036530812
237,-0.1873014232983288,-0.3904909448724243,0.8316695358109595,-0.3475065208122662
238,-0.17868472224783383,-0.4840091797008694,0.8013145810888779,-0.30282309379382655
239,-0.17323215473533962,-0.5708184786387638,0.7621970628458364,-0.251421006281225
240,-0.17054469984127185,-0.6494433100074765,0.7153212661514402,-0.19352875402400313
241,-0.17009223336298954,-0.7185591783267645,0.6617862839635928,-0.12953861875755696
242,-0.17123198595826358,-0.7770200744025155,0.6027592205820635,-0.060006107719127455
243,-0.17323030964082106,-0.8238819886703272,0.5394475590761066,0.014354775275130793
244,-0.1752871594847684,-0.8584219458433603,0.47307136888101936,0.09268038929189876
245,-0.17656262574458442,-0.8801521257034242,0.40483602631406457,0.17397030381119222
246,-0.17620479700203606,-0.8888287521700922,0.3359061007167923,0.2571038901503977
247,-0.17337819880291339,-0.8844555577049886,0.2673810228517518,0.34086031632233826
248,-0.16729203547203364,-0.8672817595903308,0.20027310102857948,0.42394151643112166
249,-0.15722746583453007,-0.8377946154842015,0.13548838554146192,0.5049976273570989
250,-0.14256316636501937,-0.7967067546890443,0.07381080504143642,0.5826543192047605
251,-0.12279847727747677,-0.7449386056103456,0.015889911413685454,0.6555413934793957
252,-0.09757348721599507,-0.6835963558910267,-0.0377675251986795,0.7223219855752605
253,-0.0666854890116069,-0.6139459868454682,-0.08680192997691395,0.7817216868834529
254,-0.03010133051365177,-0.5373840155187352,-0.13100130768413418,0.8325568972456565
255,0.012034711506986429,-0.45540565372831837,-0.17029766329738238,0.8737617307634116
256,0.059397792557425944,-0.3695711519654328,-0.20475962604458844,0.9044128268751643
257,0.11148423409179714,-0.2814711356323462,-0.23458154036063267,0.9237514634775056
258,0.1676181422639017,-0.1926917608338351,-0.2600693764906933,0.9312024286386356
259,0.2269627988210054,-0.10478051637951134,-0.28162389317898145,0.9263891807060869
260,0.28853658799896764,-0.01921347784783793,-0.2997215530955638,0.9091449115871924
261,0.3512331055503086,0.06263522092788076,-0.3148937466744477,0.8795192226268467
262,0.4138449867529153,0.13952099271898985,-0.3277049204998503,0.8377802245281106
263,0.475090892177705,0.21035284813077904,-0.3387302312899624,0.7844119796786062
264,0.5336450056302503,0.2742133546809162,-0.3485333552889264,0.7201073144549877
265,0.588168330178034,0.3303740695536021,-0.35764507529628975,0.6457561379177764
266,0.6373410172908964,0.378306126473566,-0.36654324386047643,0.5624295091221736
267,0.6798949321793815,0.417685779157703,-0.375634681967871,0.4713597954738143
268,0.7146456462652446,0.4483948301593896,-0.3852395188920751,0.37391735670367743
269,0.7405230557176623,0.47051600146464706,-0.3955784121145099,0.27158427087233616
270,0.7565998529939335,0.48432342874987827,-0.4067630081040162,0.16592568834178412
271,0.7621171256908399,0.4902685816419683,-0.418789917253196,0.058559455176462105
272,0.7565064226152756,0.4889620246400592,-0.4315383816529511,-0.04887531239885101
273,0.7394077092371744,0.4811515347785379,-0.444771715065159,-0.15474999702389017
274,0.7106827315943745,0.4676971801237995,-0.45814249296676274,-0.25747788032373536
275,0.6704234169099265,0.4495440356330285,-0.4712013694828622,-0.35554447187808125
276,0.6189550579812847,0.4276932679846383,-0.483409299987823,-0.44753609173483344
277,0.5568341538889324,0.4031723573773562,-0.4941528556435905,-0.5321660742370425
278,0.484840908659674,0.3770052411179027,-0.5027622315367823,-0.6082980190661893
279,0.40396651902488984,0.35018316069805194,-0.5085314755463971,-0.6749655871591086
280,0.31539550913918996,0.3236369711224424,-0.5107404025455995,-0.731388422758442
281,0.22048349093809183,0.29821162910827254,-0.5086776096357086,-0.7769838762443146
282,0.12073084072555651,0.2746435165379105,-0.5016639741084027,-0.8113743032677047
283,0.01775288282130566,0.2535411787591455,-0.48907599763860643,-0.8343898215814698
284,-0.08675274282169015,0.23536996596394905,-0.470368358333095,-0.8460665152421966
285,-0.19104078233525543,0.2204409622678067,-0.4450950467956641,-0.8466401838780984
286,-0.2933543405442167,0.2089044738969738,-0.41292849300191803,-0.8365358398400286
287,-0.3919612935930959,0.20074822794882785,-0.3736761367823964,-0.8163532557046712
288,-0.4851902984331103,0.19580030956691258,-0.32729395498085306,-0.7868489563524131
289,-0.5714655641826862,0.1937367412040558,-0.27389653141198045,-0.7489151314678351
290,-0.6493395788161838,0.19409348608357116,-0.21376333979359022,-0.7035560138347485
291,-0.7175230326603446,0.1962825420920152,-0.14734100279390205,-0.6518623245498131
292,-0.774911246612679,0.19961168508642485,-0.07524138991115242,-0.5949844269343382
293,-0.8206064962162312,0.20330732469405288,0.0017644793878415777,-0.5341048555349018
294,-0.8539357206886284,0.20653985355906532,0.08275665558578149,-0.47041089462303726
295,-0.8744632163061073,0.20845080473523261,0.1666804262304658,-0.4050678718985778
296,-0.8819980334766392,0.20818108322463053,0.2523641539068421,-0.3391938079529842
297,-0.8765959234540847,0.20489950776600324,0.3385404144586873,-0.2738360211496558
298,-0.8585558108381033,0.19783088865548715,0.42386997917882496,-0.2099502320095136
299,-0.8284108985757661,0.18628287691663198,0.5069681097697916,-0.14838264239796098
300,-0.7869146399260494,0.169670849306766,0.5864325726203384,-0.0898553845657892
301,-0.7350219336360014,0.14754014173755092,0.66087273094056,-0.03495564545570651
302,-0.6738660114240587,0.11958500950795034,0.7289390407908143,0.015871325066997954
303,-0.6047315880133297,0.08566377465895936,0.789352260888023,0.062325214809264715
304,-0.5290249309375127,0.04580971671595169,0.8409316867327663,0.10424965491430827
305,-0.44824157804063747,0.0002373706858439517,0.8826217371125892,0.1416273298030934
306,-0.36393248329901506,-0.050655987273619196,0.9135162550241329,0.17457139043906855
307,-0.27766940504780924,-0.10629376352056963,0.9328799347335821,0.2033134641593961
308,-0.19101036411118028,-0.16592835142036022,0.940166350887273,0.22818864050680532
309,-0.10546599242804523,-0.22865416284252527,0.9350321427563126,0.24961788851861494
310,-0.022467565751985802,-0.293425110905716,0.9173469949930285,0.26808842488329954
311,0.05666253240000553,-0.3590761527194646,0.8871991535572864,0.2841326026654462
312,0.13073723297349715,-0.4243483947427813,0.8448963193775932,0.2983059256800866
313,0.1987274883481365,-0.4879171693052636,0.7909618703193468,0.3111648131985702
314,0.25978075826707975,-0.5484224112081882,0.7261264715106114,0.32324474302040096
315,0.31323487666128264,-0.6045006001753953,0.6513152423561709,0.3350393879905741
316,0.35862701840536443,-0.6548174898823584,0.5676307530114251,0.34698133213406146
317,0.39569760857924663,-0.6981008185322495,0.4763322211409232,0.35942490847494624
318,0.4243891436929012,-0.7331721901666282,0.378811369058105,0.3726316424489467
319,0.4448400213889917,-0.7589773302942385,0.2765654796555966,0.38675871410084783
320,0.45737359920007414,-0.7746139536905837,0.17116825497951932,0.40185077079666215
321,0.4624828209130086,-0.7793565355639221,0.06423913228323364,0.41783533205994433
322,0.46081085805000077,-0.7726773484238556,-0.04258825232195079,0.4345219316675088
323,0.4531283112098454,-0.754263214206621,-0.14769774377125702,0.4516050417784197
324,0.44030759911836503,-0.7240275223825438,-0.24952178092503396,0.46867072218693456
325,0.4232952301649667,-0.6821171774232312,-0.3465712471308308,0.4852068373858042
326,0.4030827003114001,-0.6289142603769787,-0.4374633951010868,0.5006165875705482
327,0.380676791357077,-0.5650323164075884,-0.5209472304943222,0.5142350094824861
328,0.3570700539187467,-0.49130730986713245,-0.5959258009866014,0.525348021395397
329,0.3332122499119574,-0.40878341759868536,-0.6614749131157714,0.5332135156983838
330,0.30998350009025816,-0.3186939565150804,-0.716857885904751,0.5370839442477545
331,0.28816983408063046,-0.22243785997791377,-0.7615360460800096,0.5362297974704613
332,0.26844177459949337,-0.1215522261771742,-0.7951747722347824,0.5299633492635232
333,0.25133650583373524,-0.017681557896934763,-0.8176450020183806,0.517662026828305
334,0.23724408041594133,0.08745560563696614,-0.8290202247389227,0.4987907680822607
335,0.22639801244953922,0.19210189971301692,-0.8295690889885455,0.47292274916762367
336,0.2188704883705917,0.29449737685347294,-0.8197438584105088,0.4397579003782579
337,0.21457230600810623,0.39291594396953466,-0.8001650459967599,0.39913867970155337
338,0.2132575281072786,0.4857011506345965,-0.7716026459612878,0.35106263789150255
339,0.21453271295888565,0.5713004996268032,-0.7349544601268749,0.2956913859690153
340,0.21787046476926913,0.6482974854721415,-0.6912220810084382,0.2333556633940656
341,0.22262693305317283,0.7154406205692063,-0.6414851448120349,0.16455630071306837
342,0.2280627865122415,0.7716687802780423,-0.5868745031860064,0.08996097188587449
343,0.23336709521137358,0.8161322863460443,-0.5285449819382991,0.010396736220008695
344,0.2376834777126267,0.8482092500637356,-0.4676483976544462,-0.07316152472425203
345,0.24013780913672644,0.8675168100847899,-0.4053074892128664,-0.15960656637897458
346,0.2398667434459041,0.8739170221176151,-0.34259139101166014,-0.24771782868100567
347,0.2360462796758097,0.867517285695189,-0.28049322911068525,-0.3361836719626966
348,0.22791959800499287,0.8486653238104187,-0.21991036165551003,-0.42362631863889866
349,0.21482340755773,0.8179388611594443,-0.1616277124377106,-0.5086289468194155
350,0.19621208330994283,0.776130272875632,-0.10630456312563283,-0.5897643239022119
351,0.17167892353814157,0.7242265948700222,-0.05446507770270223,-0.6656243248309023
352,0.14097393057891405,0.6633853963005001,-0.0064927343215011035,-0.7348496521557257
353,0.10401760447683744,0.5949071115986252,0.03737126238021127,-0.7961590640546591
354,0.06091033922558209,0.5202045115280387,0.07702561886238252,-0.8483774223776636
355,0.011937122247942578,0.44077005794063423,0.1125027725610579,-0.8904618954798244
356,-0.04243264326288482,0.3581419336644766,0.14395912454865145,-0.9215256896017531
357,-0.10155024948936664,0.27386956618660585,0.17166200713433222,-0.9408587369270793
358,-0.16459765900412354,0.18947947085722375,0.19597379151136676,-0.9479448369049166
359,-0.2306021492951717,0.10644222611107772,0.2173336127012664,-0.9424748283276214
360,-0.2984553120756144,0.02614136005364876,0.2362372485764246,-0.9243554610502575
361,-0.36693597968834724,-0.05015512443600942,0.25321573517678986,-0.8937137359142701
362,-0.4347365482152673,-0.12131992883648823,0.2688133307456717,-0.850896586975408
363,-0.5004920770631394,-0.18638777092916783,0.2835654551516367,-0.7964658889680876
364,-0.5628114701112487,-0.24457235772151786,0.29797722930120746,-0.7311888824152938
365,-0.6203099858789519,-0.29527865834053674,0.31250322085474164,-0.6560242162472996
366,-0.671642285091422,-0.3381102351730789,0.32752896852143926,-0.5721039106033667
367,-0.715535204516756,-0.37287151627838944,0.3433548083119317,-0.48071163815170653
368,-0.7508194465558038,-0.3995650191863173,0.36018246262806275,-0.38325780844160084
369,-0.7764593948283038,-0.4183836624447956,0.3781047785720989,-0.2812520143982752
370,-0.7915803064515505,-0.4296984235409765,0.3970989172691494,-0.1762734612700777
371,-0.7954921908975121,-0.43404171704451877,0.4170232034791314,-0.0699400446534682
372,-0.7877097618195064,-0.4320869721433049,0.4376177466924434,0.03612322546661831
373,-0.7679679402062396,-0.42462498154666745,0.4585088437621443,0.14031574414077813
374,-0.7362324924075184,-0.41253767172196276,0.47921707150912746,0.24109206728519125
375,-0.6927055024103501,-0.3967700056847333,0.4991688782443881,0.33699121726181486
376,-0.6378255013851213,-0.37830077257902445,0.5177113883299055,0.4266638883740378
377,-0.5722622059315681,-0.35811304202208544,0.5341300461789583,0.5088969547608697
378,-0.4969059464733147,-0.33716506508925276,0.5476686477310522,0.582634749680499
379,-0.41285199567399866,-0.31636238782239584,0.55755124044763,0.6469966642221703
380,-0.32138013041006364,-0.2965319077003698,0.5630053189975399,0.7012907031136701
381,-0.22392987668180875,-0.2783985495419408,0.5632857044436861,0.7450227332850958
382,-0.12207199201304797,-0.26256516621474635,0.5576984709478864,0.7779012647881374
383,-0.017476831779359936,-0.24949618312224064,0.5456242764314794,0.7998377109933068
384,0.08811967775831214,-0.2395054059406336,0.5265404625111345,0.8109421830534773
385,0.1929516780470812,-0.23274830101555458,0.5000413142019268,0.8115149797781936
386,0.2952598068098703,-0.22921894000248244,0.4658559107653626,0.8020340357065383
387,0.39332757485275,-0.22875167773975538,0.4238630547015811,0.7831386848130725
388,0.48551684970072834,-0.2310275080903843,0.3741028348952154,0.7556101826243403
389,0.5703016253815383,-0.23558491973232898,0.3167844606358135,0.7203495034922712
390,0.6462992983106466,-0.24183495573091512,0.2522900936619217,0.6783529905807529
391,0.7122987287730812,-0.24908007019038614,0.18117450329002455,0.630686482318923
392,0.7672844444863856,-0.2565362751603675,0.1041604726609282,0.578458569571851
393,0.8104564352727653,-0.26335798381233444,0.022129989608555112,0.5227936518811134
394,0.8412450936906234,-0.2686648839187918,-0.06388863899575559,0.4648054585497312
395,0.859320972974301,-0.2715701207012441,-0.1527375079761441,0.4055716812180601
396,0.8645991579396742,-0.271209031570239,-0.2431493309416523,0.3461103294433204
397,0.8572381735762187,-0.26676765810797853,-0.33377072549800546,0.28735837059642955
398,0.8376334866906813,-0.2575102632986255,-0.42318805884867267,0.23015315144089166
399,0.8064057849842906,-0.24280510445341266,-0.5099552785742828,0.1752170227160107
400,0.7643843421682266,-0.2221477539675464,-0.5926230996388678,0.12314550186528385
401,0.7125858941058615,-0.19518131996024296,-0.669768880045173,0.07439921493512397
402,0.6521895566664628,-0.1617129955045178,-0.7400264950538308,0.029299759017777455
403,0.5845084084023203,-0.12172645664349771,-0.802115514102133,-0.011970476042107159
404,0.5109584380707044,-0.0753897334348852,-0.8548689957011911,-0.04936459101224602
405,0.43302561654920535,-0.023058292263926583,-0.8972592434334297,-0.08296373089082368
406,0.35223189340892264,0.034726811233112276,-0.9284209100785423,-0.11296617005136574
407,0.27010093935172796,0.09724572412439947,-0.9476708958315077,-0.13967327910069607
408,0.18812445641455716,0.16361142241167248,-0.9545245591346538,-0.16347280313237572
409,0.10772985832815077,0.2327859370756037,-0.9487078430817542,-0.18481994913860578
410,0.030250084223091854,0.3036008269883743,-0.9301650146266388,-0.20421683530281168
411,-0.043103748976570176,0.3747814356016257,-0.8990618156567248,-0.22219089535933723
412,-0.11126622515718648,0.44497436930683887,-0.8557839319009158,-0.23927285616938127
413,-0.1733374985944102,0.5127775499976002,-0.8009307950304548,-0.25597491551199286
414,-0.22859871775672402,0.5767721248101014,-0.7353048425178385,-0.27276973961904233
415,-0.27652268023266385,0.6355554640627864,-0.6598964661820594,-0.29007087640317736
416,-0.31677951684741495,0.6877744454023121,-0.5758649812764143,-0.30821514125196936
417,-0.34923732867816093,0.7321582089666152,-0.4845160410084378,-0.32744747869856616
418,-0.37395782764929775,0.7675495753785855,-0.3872760042549591,-0.3479087366024111
419,-0.39118715651267,0.7929343454653575,-0.2856638349324785,-0.3696267113895179
420,-0.4013421841693125,0.8074677471384988,-0.181261168287143,-0.3925107354053678
421,-0.4049926844718945,0.8104973597633779,-0.07568122090495652,-0.4163499827587092
422,-0.4028399080693359,0.8015819280285131,0.029462753487920018,-0.4408155705980592
423,-0.3956921449981938,0.7805055738148847,0.13258875196170447,-0.46546643110310865
424,-0.3844379484075264,0.7472870235071148,0.23217635222986835,-0.4897588281872207
425,-0.37001774523267245,0.702183586917782,0.32679540804114704,-0.5130592945843795
426,-0.35339459645232024,0.6456897496005756,0.415132475378283,-0.5346606721513587
427,-0.3355248868836922,0.5785303697216487,0.49601439147208515,-0.5538008532351673
428,-0.31732972189503156,0.5016486006578628,0.5684284990897936,-0.5696837460227893
429,-0.2996677860449795,0.41618878789320257,0.6315390909587383,-0.5815019238402328
430,-0.2833103770942945,0.32347471045020726,0.684699741495437,-0.5884603690359479
431,-0.2689192691581392,0.2249836500187754,0.7274612929423591,-0.589800687665179
432,-0.2570279825126033,0.1223168723431668,0.7595753680998345,-0.5848251526069073
433,-0.2480269466888676,0.017167192792343577,0.780993389487789,-0.5729199305175258
434,-0.2421529403010818,-0.08871563078984135,0.7918611923303115,-0.5535768622678401
435,-0.23948307818602388,-0.19356088164159851,0.7925094235831396,-0.526413196921007
436,-0.23993349675365763,-0.2956134137920023,0.7834400187497624,-0.4911887251792151
437,-0.2432627649970409,-0.3931698838396863,0.7653091400230895,-0.4478198184589367
438,-0.24907992452176927,-0.4846138473572318,0.7389070411098407,-0.39638995288497847
439,-0.25685694037833784,-0.5684489094185216,0.7051353939598655,-0.33715638173618634
440,-0.2659452285016133,-0.6433291653333792,0.6649826688506795,-0.2705527131575509
441,-0.27559581812412093,-0.708086232760574,0.6194982005260805,-0.19718724997418074
442,-0.28498261136507674,-0.7617522583557544,0.5697655983950878,-0.1178370527251239
443,-0.2932281197504112,-0.8035783789773161,0.5168761675949937,-0.03343779299155075
444,-0.29943099079344504,-0.8330482268351158,0.46190299985942185,0.05493043091213756
445,-0.3026945886643679,-0.8498861871325694,0.4058763688696979,0.14606104240252588
446,-0.3021558626638218,-0.854060242788867,0.3497610247783606,0.2386423304682072
447,-0.2970137264823186,-0.8457793706339269,0.2944359279390172,0.33128173331751515
448,-0.2865561803722099,-0.82548558385285,0.24067689398445602,0.4225325301602152
449,-0.2701854371808995,-0.7938408432151121,0.18914254301985026,0.5109223459576557
450,-0.2474403609966036,-0.7517091816214864,0.14036385687880903,0.5949828247083547
451,-0.21801559276628973,-0.7001344997484609,0.09473755239889026,0.6732797930564974
452,-0.18177681903567217,-0.6403145922947449,0.0525233779554001,0.7444432186028918
453,-0.13877173590086267,-0.5735720520557562,0.013845337609614344,0.8071962667419237
454,-0.08923636796023726,-0.5013227706370987,-0.021303255210720545,0.8603827762057021
455,-0.03359651882393633,-0.42504280833637514,-0.05305109198077526,0.9029925064163542
456,0.027535747342541494,-0.3462344402892671,-0.08163684262816476,0.9341835584624532
457,0.093370567773785,-0.26639220058311724,-0.10739416562025456,0.953301434873994
458,0.16295353519078737,-0.18696974037487285,-0.1307342076879467,0.959894279852308
459,0.23518347000002593,-0.10934829030433067,-0.1521261101303301,0.9537239293751987
460,0.30883432027524743,-0.03480747235558694,-0.17207608889266723,0.9347724975199803
461,0.38258069215051055,0.03550085703817389,-0.19110569100204766,0.9032443290770361
462,0.45502641818718487,0.1005751308078682,-0.2097298496001899,0.8595632565445094
463,0.5247354905986673,0.15958245466415916,-0.22843536324866684,0.8043652092718775
464,0.5902646219786222,0.21187244949705925,-0.24766041232628333,0.7384863311875981
465,0.6501966500307519,0.2569862683222399,-0.2677756965326689,0.6629468685566307
466,0.7031739759393205,0.294660626078212,-0.2890677334995824,0.5789311880096796
467,0.7479312191710876,0.3248268067981533,-0.31172480042199,0.4877643752637402
468,0.7833262848845752,0.34760473921468293,-0.3358259299394079,0.39088594431719736
469,0.8083690734611492,0.3632923555374578,-0.3613332900291247,0.2898212535276552
470,0.822247114188677,0.3723505658825296,-0.38808818749505514,0.18615127725095315
471,0.8243474755671807,0.3753842896911991,-0.41581083804839947,0.08148141837580719
472,0.8142743913654716,0.37312008274425607,-0.4441039454427924,-0.022589932745672253
473,0.7918621423317111,0.366380981638415,-0.4724600302117111,-0.12450238426572433
474,0.7571828458889167,0.3560592547839307,-0.5002723478626543,-0.22276337880868713
475,0.7105489274764316,0.34308779844868065,-0.5268491394842474,-0.315976214994779
476,0.6525101744546834,0.32841094690543815,-0.5514308671011563,-0.40286563640234146
477,0.5838454035458392,0.31295547660268525,-0.5732100040924075,-0.4823004308842852
478,0.5055489024391058,0.29760257523688793,-0.591352879684762,-0.5533125573701879
479,0.41881193225287733,0.2831615179181895,-0.6050230177869678,-0.6151124028344976
480,0.32499969691155767,0.2703457450479695,-0.6134053657762433,-0.6670998668705953
481,0.22562429521772048,0.25975197129585426,-0.6157307794615672,-0.7088710729315144
482,0.12231426877472251,0.25184287384904924,-0.6113001171269927,-0.7402206112680763
483,0.016781441535990094,0.2469338129831657,-0.5995072986937966,-0.7611393262986962
484,-0.08921418741481896,0.2451839313946389,-0.5798607056137729,-0.7718077679285664
485,-0.19390068884073808,0.2465918633519819,-0.5520023326831701,-0.7725855295745727
486,-0.2955307492575432,0.25099616349839526,-0.5157241537118518,-0.7639967928143093
487,-0.3924176734066058,0.25808044114975187,-0.4709812276758904,-0.7467124872874475
488,-0.48297001186665034,0.26738306232663356,-0.4179011490528877,-0.721529552574691
489,-0.5657240154630444,0.27831116167491077,-0.3567895336030613,-0.6893478543716722
490,-0.6393731705574675,0.29015859291455504,-0.28813132676250075,-0.6511453587849766
491,-0.7027941397704341,0.3021273423952181,-0.2125878236937087,-0.6079522047815312
492,-0.755068519467339,0.3133518383758192,-0.13098939537077436,-0.5608243348824058
493,-0.7954999262867957,0.3229255111264015,-0.04432402125043805,-0.5108173476710103
494,-0.8236260376195628,0.32992889785336504,0.046278166544726274,-0.4589612225641924
495,-0.8392253324828286,0.33345854334192493,0.1395640226285521,-0.4062365379666103
496,-0.8423184066845989,0.3326559232060885,0.23417981335884208,-0.3535527591908165
497,-0.8331638663993151,0.3267356123731624,0.32869644562063244,-0.30172911356056
498,-0.8122489340757952,0.31501193704448355,0.4216369450441505,-0.25147849845673426
499,-0.7802750267820928,0.29692338350615644,0.5115055699722643,-0.2033947855644383
