,0,1,2,3
0,0.9483911410539929,0.0,0.3171028911415115,0.0
1,0.9635134062413949,-0.08349809335401841,0.2375781114182523,-0.09070074627192841
2,0.959028084825034,-0.1661032364951882,0.1489126985506448,-0.17464207841472681
3,0.9351389130981079,-0.24533655682461317,0.05291120560811738,-0.25005117759416384
4,0.8924939490186174,-0.31879651171521667,-0.048407090464704206,-0.31540464276244434
5,0.8321689518597899,-0.3842225123737806,-0.15285525884665346,-0.36946334918186535
6,0.7556404467930625,-0.4395550590498928,-0.2581302734078331,-0.4112999236377555
7,0.6647491470782416,-0.4829908549304537,-0.3618678001889939,-0.44031818120386323
8,0.561654643914636,-0.5130314913394441,-0.4616988706838046,-0.4562640712048766
9,0.4487824887094649,-0.5285244575305154,-0.5553070476559157,-0.45922789379945567
10,0.3287649792182522,-0.5286954204047989,-0.6404846746332818,-0.44963776803390765
11,0.20437711507672468,-0.5131709381132574,-0.7151868196205851,-0.4282445518040682
12,0.07846930585868837,-0.48199101125168237,-0.7775815775032662,-0.3960986284224779
13,-0.04610150694868437,-0.4356111302376945,-0.826095482769979,-0.3545191780667636
14,-0.1665406156893995,-0.374893741103788,-0.8594529024127637,-0.3050567401997177
15,-0.2801825068539653,-0.3010893177587453,-0.8767084252599285,-0.24945004041462263
16,-0.3845543700639633,-0.21580749011562605,-0.8772714349373086,-0.18957819789663993
17,-0.47743459790786225,-0.12097892782155531,-0.8609222449088225,-0.12740954424554718
18,-0.5569048455153541,-0.01880891238908214,-0.8278193808797079,-0.06494836792557959
19,-0.6213943809089258,0.08827625951346493,-0.7784978131288571,-0.004180949020432312
20,-0.6697156507117079,0.1976887172639829,-0.7138581636822228,0.05297773497007047
21,-0.7010902058819528,0.30674282896083127,-0.6351471351316728,0.10473527023661092
22,-0.715164373289081,0.4127218005306398,-0.5439296238372033,0.14946972555370866
23,-0.7120143151239062,0.5129454036854003,-0.4420531848661694,0.18577300569870964
24,-0.6921403829536179,0.6048371439077638,-0.33160570424254,0.21248853274500937
25,-0.6564509400847998,0.6859891905216242,-0.21486730123037084,0.2287422930095054
26,-0.6062360881312954,0.7542234436539224,-0.0942576253098036,0.23396645605949426
27,-0.5431319847620095,0.8076472062245615,0.02772017430139259,0.2279149607701115
28,-0.469076673271279,0.8447020607131949,0.14853744708088076,0.21067066723757788
29,-0.38625855505253615,0.864204717087971,0.2656986000150272,0.1826438872825514
30,-0.2970588180274174,0.8653787958111705,0.3767987959058614,0.144562324955206
31,-0.20398928306242797,0.8478767333576246,0.4795793920616484,0.0974526763935162
32,-0.10962724269366575,0.8117912416418681,0.5719797765801752,0.04261435012094654
33,-0.016548939294021042,0.7576560110859439,0.6521843488915418,-0.018414030913809665
34,0.0727366386399074,0.6864356133481351,0.7186635115957901,-0.08389450057986367
35,0.15585197389792077,0.5995048273500516,0.7702076889147059,-0.15193498659878935
36,0.23061163572675955,0.4986178745265154,0.8059535595879214,-0.22053876860463106
37,0.29507776949697584,0.3858682996515822,0.8254018844910838,-0.28765690388247916
38,0.34760906836450056,0.26364046593008,0.8284265168539929,-0.3512422902899016
39,0.38690199999074787,0.1345538415015094,0.8152744005496859,-0.40930399209963314
40,0.41202325759826364,0.001401433889202136,0.7865565841051407,-0.4599604452363491
41,0.42243262657954356,-0.1329161252278656,0.7432304993322539,-0.5014901838698802
42,0.41799569998280617,-0.26545923387671233,0.6865739683010028,-0.5323787899577578
43,0.39898613240531244,-0.39331903246459343,0.6181516054444167,-0.5513608596335584
44,0.3660773857161052,-0.5136864682770509,0.5397744678610489,-0.5574559030287807
45,0.3203241849984395,-0.6239190199362741,0.45345397174932434,-0.5499972441491024
46,0.2631341625142335,-0.721603447006689,0.36135123228857624,-0.5286531610702095
47,0.1962304148546702,-0.8046130274989283,0.2657230947295733,-0.49343969965165074
48,0.12160592756034938,-0.871157881682054,0.16886620325070142,-0.4447248013829629
49,0.041471026635302666,-0.9198271509996804,0.07306049934249528,-0.38322360270402206
50,-0.04180480759471039,-0.9496220017672466,-0.01948644799194854,-0.3099849837753335
51,-0.12575528632627736,-0.9599786497149628,-0.1066929023198188,-0.22636966370741152
52,-0.20788223446235585,-0.9507808477094813,-0.18665289090206533,-0.13402035122204045
53,-0.285721440101947,-0.9223615390182992,-0.2576813790505463,-0.03482465931595924
54,-0.3569077580166754,-0.8754936458135134,-0.31835358181470286,0.06912832526122814
55,-0.4192378115143962,-0.8113702306040781,-0.3675374563947754,0.17559676657889545
56,-0.47072869637783166,-0.7315745302806922,-0.4044185916274963,0.28223891262021933
57,-0.5096711899501069,-0.6380406119477,-0.42851690314856306,0.3866687462883609
58,-0.5346761054429996,-0.5330056305069013,-0.43969474958602117,0.4865130905769469
59,-0.5447126027514664,-0.41895487432052075,-0.4381563012029098,0.5794687648208362
60,-0.539137468197528,-0.29856096209512956,-0.4244382123793075,0.6633583844127148
61,-0.5177146016769861,-0.17461869701270016,-0.39939186770142393,0.736183426788456
62,-0.48062419499901726,-0.04997718955132607,-0.3641576827493938,0.7961732511210662
63,-0.42846134366401933,0.07252907421655262,-0.3201321396654887,0.8418288564382369
64,-0.3622240994614951,0.1901485183920898,-0.2689284192705429,0.8719602903981628
65,-0.2832912364610838,0.3002784352030802,-0.21233165134316356,0.8857167755745763
66,-0.1933902615860683,0.40052699359533583,-0.1522499386960336,0.8826087979916181
67,-0.09455644653223355,0.4887697774841431,-0.09066241553573903,0.8625215994086893
68,0.010916115818744299,0.5631994709642,-0.029565673667025894,0.8257197256101443
69,0.12053022581035236,0.6223674802963465,0.029080070415456433,0.7728425024804952
70,0.23164668593751056,0.6652164849361688,0.0834036895888953,0.7048905344990068
71,0.34154929055864847,0.6911031371823874,0.13167339311779241,0.6232035409401925
72,0.4475120829045166,0.6998103765234193,0.17234322209950684,0.5294300580444695
73,0.5468672063094597,0.6915490842940227,0.20409460480223102,0.4254897354414175
74,0.6370716586927483,0.6669490703433433,0.2258719092386383,0.3135291372034065
75,0.7157712835800135,0.6270396494229822,0.236911082931478,0.19587211756132591
76,0.7808603967996547,0.5732203242951652,0.23676064534090435,0.07496597456573348
77,0.8305355538014193,0.5072223386734713,0.22529449243310823,-0.04667531147932466
78,0.8633421057116792,0.4310620899093005,0.2027161805084213,-0.1665293767130193
79,0.878212369217988,0.3469875931782165,0.169554572466257,-0.28212389421795075
80,0.8744944417756961,0.2574193607780418,0.12665094874437055,-0.3910936987247263
81,0.8519709243284674,0.16488719775168237,0.07513790173604852,-0.49123523065757463
82,0.81086706300184,0.071964514975371,0.01641054112747195,-0.5805569815815086
83,0.7518480828695987,-0.018798179368025136,-0.04790926692712595,-0.657324722553672
84,0.6760057544009284,-0.10493893085290847,-0.11601472647041328,-0.7201004263644585
85,0.5848344999191759,-0.1841474772293627,-0.18596094904767252,-0.76777395095408
86,0.480197606703997,-0.25432428434379634,-0.2557156179980867,-0.7995867305181008
87,0.3642843587952874,-0.3136339948225243,-0.32321219727606937,-0.8151469185126982
88,0.23955912500007148,-0.36055194702864835,-0.38640433569570565,-0.8144356380209616
89,0.10870364044937483,-0.3939025976159417,-0.44332008467917045,-0.7978042144940831
90,-0.025446111676116073,-0.4128888859694845,-0.4921145494614727,-0.7659624882797955
91,-0.15996687715265615,-0.41711180780344936,-0.5311196302369517,-0.7199585240706082
92,-0.2919173290165393,-0.4065797124438937,-0.5588895800384834,-0.6611502459904993
93,-0.4184077939383536,-0.3817070976656077,-0.5742412084852209,-0.5911697252403659
94,-0.536668799595101,-0.3433029408823287,-0.5762876923836731,-0.5118810271242712
95,-0.6441167644120351,-0.2925488693755938,-0.5644651122466701,-0.4253326814233615
96,-0.7384152210833672,-0.2309677284825174,-0.5385510141749715,-0.33370597058359075
97,-0.8175300751744382,-0.16038334883168304,-0.4986744947373346,-0.23926033081410666
98,-0.8797775471301529,-0.08287253575620356,-0.4453175175502915,-0.1442772294779518
99,-0.9238636265139736,-0.0007105003639225095,-0.37930738893800137,-0.051003916425280175
100,-0.9489140767945611,0.08368888251089393,-0.30180054089155206,0.038401553650476754
101,-0.9544942622777336,0.16783647326476345,-0.21425798703565846,0.12192266611405181
102,-0.9406183200531048,0.2492333142393433,-0.11841302601852918,0.19773286606652876
103,-0.9077474628433526,0.32543646247521724,-0.01623196145395034,0.26423886167713867
104,-0.856777466874186,0.3941235359217221,0.09013121660472678,0.3201177509644886
105,-0.7890156656600013,0.4531543316358657,0.19838509109129288,0.36434706900901026
106,-0.706148029296835,0.5006279468344038,0.30615479518470934,0.3962270320838473
107,-0.6101971530453173,0.5349339454110321,0.41103838906271295,0.4153944525136405
108,-0.5034722026089338,0.5547962609119683,0.5106642551826978,0.4218280082651093
109,-0.3885120610174028,0.5593087082787582,0.6027481027092648,0.41584476907608137
110,-0.26802308851277695,0.547961186393438,0.685148178250723,0.3980881008898443
111,-0.14481303818188054,0.5206558863640978,0.7559173214299377,0.3695072869770471
112,-0.021722763033605527,0.4777130707534591,0.8133505789961333,0.33132941198170196
113,0.09844259750917962,0.41986625032920194,0.8560271983395498,0.28502424902643003
114,0.2129812534248554,0.34824685087267954,0.8828459577594128,0.2322630651108918
115,0.31935955582474734,0.2643587264762983,0.89305295328606,0.17487241196453465
116,0.41527235147749153,0.17004313099218538,0.8862611462516832,0.11478409447907534
117,0.49869741979997917,0.06743499948313386,0.8624611775748886,0.053982603732018686
118,0.5679426614864483,-0.04108838933839151,0.8220231688732651,-0.005548635942573404
119,0.6216848903988067,-0.1529651061022046,0.7656894517362348,-0.06188082792618366
120,0.6589992911827354,-0.2655111943926933,0.6945583892924383,-0.11319180065848256
121,0.6793788390339427,-0.37598667435133104,0.6100596730652171,-0.1578151104383837
122,0.682743229272796,-0.4816632883928703,0.5139216875974078,-0.19428499302249738
123,0.6694371266198101,-0.5798923046871218,0.408131730245451,-0.22137601323207104
124,0.6402178107538675,-0.6681706895467828,0.29489004905720545,-0.23813639661156066
125,0.5962325592260171,-0.7442039974502443,0.17655881340413518,-0.24391418758898434
126,0.5389863644973825,-0.8059644062059041,0.05560725627336768,-0.23837556054429745
127,0.47030082239596915,-0.8517424427941714,-0.0654456792411684,-0.2215148091332873
128,0.39226524864978735,-0.8801910997878143,-0.18408979599555397,-0.1936557501504995
129,0.30718127288960423,-0.8903612291273728,-0.2978817818546122,-0.15544449585571368
130,0.21750232082639415,-0.8817273147808607,-0.4045016209793902,-0.10783376757541795
131,0.12576952118549214,-0.854202963114695,-0.5018059101824814,-0.0520591380333649
132,0.03454566129607754,-0.8081457037509221,-0.5878767905498803,0.010392205122943754
133,-0.05365113817013692,-0.7443509579730662,-0.6610653137040773,0.07781939189530926
134,-0.1364123540872447,-0.664035299798464,-0.7200282003543905,0.14835154521729604
135,-0.21150095940043062,-0.5688093999919942,-0.7637571127034343,0.21999609871168202
136,-0.27690872954477586,-0.46064129895881467,-0.7915997477726375,0.2906905373790671
137,-0.33090751429993764,-0.34181089425999217,-0.8032722611593819,0.3583562529061212
138,-0.3720931859984009,-0.2148567464767552,-0.7988627451083611,0.4209531492992025
139,-0.39942116061978106,-0.08251649788015378,-0.7788257057399481,0.47653361277607087
140,-0.4122326015028494,0.05233764290641779,-0.7439677063371659,0.5232944728550167
141,-0.4102706508470084,0.18676677428728106,-0.6954245612335065,0.5596256290673971
142,-0.3936862859572257,0.31783487338882976,-0.6346306726620122,0.5841540985251026
143,-0.3630336590048795,0.44267836367861524,-0.5632812957645251,0.5957823517042027
144,-0.3192550443751684,0.5585739756271919,-0.4832886900369423,0.5937199444817539
145,-0.2636557798068478,0.663003239225081,-0.39673326451402896,0.5775076201917471
146,-0.1978698399390061,0.7537120300156602,-0.30581094528975156,0.5470332421280947
147,-0.12381691724226207,0.8287637122518476,-0.21277808453214708,0.5025391198722619
148,-0.043652099709705114,0.8865845808007747,-0.1198952877592703,0.4446205070061089
149,0.04029057825374224,0.926000493580524,-0.029371559390290937,0.3742152678493847
150,0.12555928026221297,0.9462638038905896,0.05668984507340587,0.2925849313483184
151,0.2096486570835328,0.9470699415854521,0.13634251812517034,0.20128756563605044
152,0.2900656496218697,0.9285632476840525,0.20784368811684611,0.10214311171036161
153,0.36439513556663883,0.8913319323533969,0.2696955444590299,-0.002807995989524137
154,0.4303637521075999,0.8363922946581119,0.3206800883092873,-0.11135192531049504
155,0.4859002715524817,0.7651626073590513,0.35988666157105204,-0.2211531171563405
156,0.5291909918759152,0.6794273247925589,0.38673149263227813,-0.32980927374623886
157,0.5587287280587211,0.5812925101408686,0.40096879915884526,-0.4349083216002245
158,0.5733541494613166,0.4731335942977165,0.4026932013641373,-0.5340859545218501
159,0.572288399440704,0.3575367666845956,0.39233341816609074,-0.6250823444350623
160,0.5551561512042433,0.23723545411700564,0.37063743803503957,-0.7057966255351522
161,0.5219984930606215,0.11504346329935315,0.33864957064096085,-0.7743378094212007
162,0.4732752908087551,-0.006213557211241172,0.29767998926791944,-0.8290708744167331
163,0.4098569386418216,-0.12376664066400123,0.2492675622805532,-0.8686568890537928
164,0.33300567605071707,-0.23497031956293543,0.19513693999688872,-0.8920861748122464
165,0.24434691013972748,-0.3373660901887803,0.1371510069456919,-0.8987036830845221
166,0.14583123397013026,-0.428740963490326,0.07725992508051324,-0.8882259517716703
167,0.03968806574264455,-0.5071796663819865,0.017448078203114725,-0.8607492131935307
168,-0.07162795504215072,-0.571109217823755,-0.04031972049229818,-0.8167484420019673
169,-0.18549649513595567,-0.6193347959813985,-0.0941513784883272,-0.7570673541420888
170,-0.2991955090761883,-0.6510660314673882,-0.14227866973516273,-0.6828995900982361
171,-0.40996809107065896,-0.6659331016788717,-0.1831050659277789,-0.5957615321786253
172,-0.5150905390930918,-0.6639922565815302,-0.21524902767119758,-0.49745741106466573
173,-0.6119399398113805,-0.6457206705611619,-0.2375816454244407,-0.39003754618126424
174,-0.6980595918598518,-0.6120007815812177,-0.2492576635545292,-0.2757507329378745
175,-0.7712206357894174,-0.5640945411918904,-0.24973908862539068,-0.15699193336803843
176,-0.8294783505442302,-0.5036082503916459,-0.238810770983625,-0.03624654160185761
177,-0.8712217062652868,-0.4324488906758963,-0.21658755207063177,0.08396742090502549
178,-0.8952149283968237,-0.3527730709796015,-0.18351278358904746,0.2011577754562148
179,-0.900630024376507,-0.26692989436622977,-0.1403482433217523,0.3129159012925108
180,-0.8870694467563802,-0.1773991986756959,-0.08815569056001707,0.4169722954375227
181,-0.8545783099016253,-0.08672673918062106,-0.028270516271531237,0.5112486311634652
182,-0.8036458354051178,0.0025420442126046633,0.03773185599459547,0.5939050566297888
183,-0.7351959676251013,0.08792799938565932,0.10807597795223284,0.6633815938820559
184,-0.6505673686819226,0.16708230692870446,0.1808317891256539,0.7184326451096699
185,-0.5514832651742108,0.23784698091118975,0.25396429161610373,0.7581537841943101
186,-0.44001187025561667,0.298310299817944,0.3253862347449697,0.7820002028741239
187,-0.3185183382959037,0.3468557711255068,0.39301247872301515,0.7897963875418367
188,-0.1896094193221645,0.38220339710516615,0.4548146613253912,0.7817368196452384
189,-0.05607216157189332,0.4034422043843219,0.5088747808760836,0.7583777144711547
190,0.07919184172065175,0.41005322068960426,0.5534363329570855,0.720620034255215
191,0.2132350544187093,0.4019223234977194,0.5869516965805114,0.6696842265743663
192,0.34313377059243944,0.3793426409892146,0.6081245566657518,0.6070773425078742
193,0.4660573513530515,0.3430064493327318,0.6159462712975698,0.534553376044483
194,0.5793352309861018,0.2939867753212828,0.609725241390255,0.4540678320318105
195,0.6805200527974877,0.23370917310257333,0.5891085133446088,0.3677276705023995
196,0.7674453905375581,0.16391439168865757,0.5540950377583733,0.27773788699336294
197,0.8382766449629634,0.08661287988807063,0.5050402144478618,0.18634606874734308
198,0.891553873709505,0.004032281516121804,0.4426515707992654,0.0957863134706218
199,0.9262255119915316,-0.0814407489589939,0.3679756413916886,0.00822390949593075
200,0.9416721667589757,-0.16732293622930489,0.282376336412527,-0.07429784651858942
201,0.9377199122359394,-0.25109939833137146,0.18750529914202885,-0.1499073752271925
202,0.914642774137314,-0.3302896367818091,0.08526495340762574,-0.21694985428281363
203,0.8731543568654435,-0.4025128282585508,-0.022234874610741473,-0.27402646318419854
204,0.8143888359913607,-0.465550759446164,-0.13272571409203376,-0.320026872325589
205,0.7398718006654295,-0.5174068043088507,-0.2438334046946873,-0.35415418702875057
206,0.6514816807627697,-0.556359440894352,-0.3531339601874902,-0.3759417485735522
207,0.551402725337424,-0.5810089403729277,-0.45821097676494704,-0.38526140018083893
208,0.4420707065820894,-0.5903160310016833,-0.5567131810496238,-0.3823230413799787
209,0.32611270181682783,-0.5836315398386679,-0.6464107064164404,-0.36766551381585244
210,0.20628245064023087,-0.5607162403226525,-0.7252487148952236,-0.34213907981859704
211,0.08539289169057483,-0.5217503786621219,-0.7913970448314391,-0.3068799665125117
212,-0.03375244916686583,-0.4673326102300293,-0.8432946601697489,-0.26327764758903005
213,-0.14842752164119524,-0.3984683423915508,-0.8796878033156097,-0.21293571712829035
214,-0.2560495836689448,-0.31654774577567407,-0.8996609069123332,-0.15762737046902486
215,-0.35424118101233576,-0.22331395530275291,-0.9026594967521667,-0.0992466420850057
216,-0.44088674943472883,-0.12082222881783508,-0.8885045140412173,-0.03975665635777781
217,-0.5141824514519356,-0.01139105878908947,-0.8573976955038904,0.018863778602251052
218,-0.5726780304331714,0.10245356448303611,-0.8099178691323798,0.07467386319169117
219,-0.615309665731322,0.21803936641937724,-0.747008246322699,0.12582340750007293
220,-0.6414230385330469,0.3326129675195375,-0.6699550121637091,0.17060299280377209
221,-0.6507860635843692,0.4434074158765965,-0.5803577292771788,0.207490407147508
222,-0.6435910007337633,0.5477103986187831,-0.48009227154835177,0.23519216360013348
223,-0.6204459258790789,0.6429314381303893,-0.37126718735368236,0.2526790345836581
224,-0.5823558067752044,0.726666401175281,-0.25617455294215075,0.25921468735983033
225,-0.5306936886214034,0.7967577129774872,-0.13723651146708282,0.2543766805126564
226,-0.4671627409278823,0.8513487723374066,-0.016948798455871633,0.238069274706412
227,-0.39375014471207637,0.8889312054114455,0.10217737235891608,0.21052771827671438
228,-0.3126740019240166,0.9083837713550411,0.21767364974980563,0.17231388413071752
229,-0.22632462209451898,0.9090019382713409,0.32717169489756626,0.12430335357734221
230,-0.13720168023077012,0.8905173777280248,0.42845775390478363,0.06766425958450872
231,-0.04784884149425299,0.8531068747964949,0.5195233313440859,0.003828411127274556
232,0.03921249033225124,0.7973904119526033,0.598610740884164,-0.06554458349941558
233,0.12154862366756805,0.7244184527605317,0.6642524368312205,-0.13860929820305296
234,0.1968765744461192,0.6356487183888668,0.7153031852051365,-0.21338152328713048
235,0.26312301471246,0.5329130100388636,0.7509643108817701,-0.2877891704734778
236,0.3184776867342036,0.4183748768308287,0.7707994539443337,-0.3597257667840036
237,0.3614399355766403,0.29447915546596326,0.7747414788028663,-0.42710518726510105
238,0.3908571875135929,0.16389460941473327,0.7630903986260261,-0.4879162422983377
239,0.40595440543012107,0.029451066467215403,0.7365023997369218,-0.5402757356920452
240,0.40635378039684,-0.10592741004176326,0.6959702703326198,-0.5824786449065557
241,0.39208416514948974,-0.23929168254762703,0.6427957497357801,-0.6130441437809945
242,0.3635800141153362,-0.3677373413094681,0.5785545131154413,-0.6307562893037938
243,0.32166985940666437,-0.4884734392860738,0.5050546872906265,-0.6346983248024982
244,0.26755461622005,-0.5988884781090653,0.42428995137525544,-0.6242797091765273
245,0.20277626772780286,-0.6966120312738197,0.3383884077201102,-0.5992551615560717
246,0.12917772239779743,-0.7795704984843915,0.24955851060223547,-0.5597352085717949
247,0.0488548596478298,-0.84603563019417,0.1600334098908915,-0.5061879323427604
248,-0.03589802275437265,-0.894664640170936,0.07201510277401754,-0.4394318360822064
249,-0.12264797904391103,-0.9245309319387655,-0.0123802123027128,-0.36061996543206254
250,-0.20888689057533932,-0.9351446970367369,-0.09117421904378706,-0.2712156417531834
251,-0.2920970381557752,-0.9264628934158083,-0.1625747112373226,-0.17296037317931154
252,-0.36981710979347565,-0.8988883747449458,-0.2250187721990642,-0.06783470505882447
253,-0.4397069694834525,-0.8532582093921962,-0.27720984218571676,0.04198705143102488
254,-0.49960954207817865,-0.7908214947246265,-0.31814776611645945,0.15418711963406823
255,-0.5476082400014248,-0.7132072315010058,-0.3471510923106411,0.2663583667256172
256,-0.5820784678041562,-0.6223830680758503,-0.36387108933041445,0.37606090496188654
257,-0.6017318875913016,-0.520605948809747,-0.3682971574843856,0.4808798033902355
258,-0.6056523085074066,-0.4103658999123729,-0.36075352885305273,0.5784824982735657
259,-0.5933222722669071,-0.2943243539994281,-0.3418873693954788,0.6666744951793891
260,-0.5646396389454145,-0.17524854775914508,-0.31264861328935717,0.7434519952546641
261,-0.5199237271183601,-0.05594362200491059,-0.274262067722228,0.8070501516913637
262,-0.4599108237068884,0.06081589230072197,-0.22819252068546286,0.8559857679798949
263,-0.3857391450456724,0.1723535060579709,-0.17610376006370684,0.8890933846454953
264,-0.2989235950762117,0.27615545586204704,-0.11981256506791933,0.9055538624268504
265,-0.20132092258762518,0.36993104463466886,-0.06123885701194237,0.9049147532977001
266,-0.09508612067586619,0.4516671548476336,-0.002353292434690124,0.8871019518078922
267,0.01737886796013094,0.5196755977779152,0.05487635477323895,0.8524223329485177
268,0.1334828821366276,0.5726321430117619,0.10853864585529853,0.8015573038293375
269,0.2505082890165777,0.609606281796911,0.1568303928483407,0.7355474194141166
270,0.36567719826475814,0.6300810105895535,0.1981057054602315,0.6557684318627964
271,0.47621950591869744,0.6339621714366717,0.23092091023743128,0.5638993532404186
272,0.5794410818689263,0.6215771474208008,0.2540741878310459,0.4618833072592936
273,0.6727904082980688,0.5936629777390757,0.26663890798846507,0.3518821224654869
274,0.7539220120274674,0.5513442214421934,0.26798980144266954,0.2362257724836091
275,0.8207551106016371,0.49610115482076067,0.2578212891427274,0.11735789479871139
276,0.8715260082145595,0.4297291285106996,0.2361574877233968,-0.002221285034618631
277,0.9048329303744087,0.3542901305836843,0.2033536207745512,-0.12001323426579494
278,0.9196721717323698,0.2720577957032494,0.16008878306183205,-0.2335791811697676
279,0.9154646451653854,0.18545726303468832,0.1073502239134382,-0.3405965596796783
280,0.8920721567005967,0.0970014129484141,0.04640953103111117,-0.4389124611525964
281,0.8498029843274979,0.009225101486309409,-0.021208698387711333,-0.5265927994602086
282,0.7894066028662488,-0.07538094013682572,-0.09376492127489403,-0.6019660029881821
283,0.7120576652830142,-0.15443486724018468,-0.16934849743887467,-0.6636601837592822
284,0.6193296164984406,-0.22572550631392335,-0.24592622581147328,-0.710632896357426
285,0.5131585722179066,-0.2872696008464377,-0.3213943499829833,-0.7421927835729889
286,0.3957983362442465,-0.3373630722716634,-0.39363272467442517,-0.7580126071241157
287,0.2697676491225338,-0.37462500186028913,-0.46055977738447623,-0.7581333754186265
288,0.13779095335538707,-0.39803322368662475,-0.5201868762284673,-0.7429595007903945
289,0.0027341210296406016,-0.4069506309033058,-0.5706707265665201,-0.7132451404879241
290,-0.132463285483803,-0.40114153213449233,-0.6103624651371176,-0.6700720933954579
291,-0.2648575631627037,-0.38077764597850305,-0.6378521999477422,-0.6148198326179882
292,-0.39157052679718884,-0.3464335831017202,-0.6520078551666353,-0.5491284474911882
293,-0.5098575720202221,-0.2990719306596,-0.6520073199641757,-0.4748554424857272
294,-0.6171724780908239,-0.24001831615479327,-0.6373630652051597,-0.3940274905507582
295,-0.7112273662985991,-0.17092708076713656,-0.607938577998375,-0.30878836096863277
296,-0.7900463497667038,-0.0937384293310817,-0.5639561667414398,-0.22134433374529464
297,-0.8520115665818344,-0.010628139553517213,-0.5059959034161445,-0.133908471675554
298,-0.8959004766910557,0.07604889863898873,-0.43498569016199196,-0.048645146056208635
299,-0.9209135191871657,0.16381988627872748,-0.3521826580968047,0.03238379801390597
300,-0.9266914650803447,0.250158513026111,-0.2591463224567708,0.10726989542709975
301,-0.913322055494307,0.3325509194006603,-0.15770412400505907,0.1743046706925288
302,-0.8813357800923568,0.4085615526086457,-0.04991017717172369,0.2320208496529944
303,-0.8316909188489644,0.4758972458658176,0.062001784219062606,0.27922715776790885
304,-0.7657482353654248,0.5324678938703876,0.1756701267631729,0.31503585287230995
305,-0.6852359651973834,0.576442180678761,0.28866044797646706,0.33888232486860576
306,-0.5922059817754476,0.6062969386012691,0.3985227756283757,0.35053629583477014
307,-0.48898223952049213,0.6208588748242089,0.5028494402345188,0.35010436649857435
308,-0.37810278329656216,0.6193375923422453,0.5993322057477325,0.33802387360756253
309,-0.26225677070653486,0.6013490487202352,0.685817259239284,0.3150482419429886
310,-0.14421807502142914,0.5669288347873154,0.7603567107851028,0.2822242290942961
311,-0.026777118745804573,0.5165349096475823,0.8212553386334764,0.24086166526255554
312,0.08732737106405375,0.4510396920261124,0.8671114299674112,0.19249647918832463
313,0.1954749955947957,0.3717116743755246,0.8968507113424012,0.1388479700780305
314,0.2952270580775392,0.28018698869441305,0.9097525316235044,0.08177142991204576
315,0.38438511546696935,0.1784316050972492,0.9054676497879506,0.023207337144690657
316,0.46104326767575954,0.06869507952527823,0.8840271856060405,-0.03487157136315913
317,0.5236329025943245,-0.04654302028429888,0.8458425078681696,-0.09051399044758639
318,0.5709588054487399,-0.1646326966712691,0.7916960571187129,-0.1418431204182206
319,0.6022257583772082,-0.2828176456577375,0.7227233222774497,-0.1871077622330383
320,0.6170549950008489,-0.39830234035522055,0.6403864075612702,-0.22473012219731467
321,0.615490129254962,-0.5083204157224062,0.5464398323820203,-0.2533490977600263
322,0.5979924414722587,-0.6102026609336766,0.44288939727697263,-0.2718579303811972
323,0.565425671082568,-0.7014429324671868,0.3319451187079805,-0.2794352539294285
324,0.5190307276623971,-0.7797603498617872,0.21596938053695902,-0.2755687340685724
325,0.46039098388383753,-0.8431562257330297,0.09742156655994229,-0.26007068142163164
326,0.39138904889198434,-0.8899643098713923,-0.021199476224062402,-0.23308522426441125
327,0.31415613292206923,-0.9188930908995883,-0.13741374202598736,-0.19508684001456672
328,0.23101529826030937,-0.9290590939862309,-0.2488177195312217,-0.14687026349286328
329,0.14442004336305392,-0.9200103346635489,-0.3531399930146265,-0.08953200835962571
330,0.056889782301348,-0.8917393313781581,-0.4482934427498549,-0.02444395079400924
331,-0.02905614217583352,-0.844685336992417,-0.5324227818991095,0.04678037394755771
332,-0.1109642386534423,-0.7797257156496527,-0.6039462839626932,0.1223259260433052
333,-0.18651077379077874,-0.6981566596051008,-0.6615906999913481,0.2002217660344928
334,-0.25356218818712517,-0.6016637041391097,-0.7044185344971439,0.2783909698611999
335,-0.3102304930625628,-0.49228275095863544,-0.7318470391087968,0.35470360250558813
336,-0.35492224704052594,-0.3723525452850407,-0.7436584887671882,0.4270314188206246
337,-0.3863798750159043,-0.24445976328071803,-0.7400015215231298,0.4933029134952331
338,-0.40371428480939664,-0.1113780493272287,-0.7213835443977278,0.5515573299676731
339,-0.40642795719093916,0.023997507616142055,-0.6886544287885158,0.5999962607814914
340,-0.3944279253933799,0.15871885649431838,-0.6429819340544207,0.6370315288450383
341,-0.3680283154076075,0.28985475022257934,-0.5858195018432797,0.6613281289131246
342,-0.32794238176206003,0.41456008839668984,-0.5188672513710468,0.6718411291424591
343,-0.275264238546488,0.5301431403018719,-0.4440271725660113,0.6678455807979329
344,-0.21144074550535802,0.6341290044866154,-0.3633536556216852,0.6489586564299077
345,-0.13823425758699914,0.724317754483677,-0.2790006085532752,0.6151534288256839
346,-0.057677177165827286,0.7988358519598616,-0.1931664960344038,0.5667639099903352
347,0.02798054452686341,0.8561795753818097,-0.10803868109511124,0.5044811861846135
348,0.11632963161762541,0.8952494100455288,-0.025738465016536566,0.42934070624556087
349,0.20486396288189068,0.9153745691141053,0.05173180035014259,0.34270100052965113
350,0.29104572695523284,0.9163270595730003,0.12253820902333709,0.2462143213640268
351,0.3723716052880119,0.8983249656706679,0.1850601755708935,0.1417898975445388
352,0.44643830695376224,0.8620248890315301,0.23792957646448876,0.031550680149026955
353,0.5110057937253669,0.8085037525791723,0.28006319314982675,-0.08221537987035255
354,0.5640565898136504,0.7392304380297969,0.3106876624480355,-0.19710834426946144
355,0.6038496669382011,0.6560279774826129,0.3293563301594076,-0.31067230369413706
356,0.6289675295810617,0.5610272523161042,0.33595760890388066,-0.4204530341321502
357,0.6383552940240842,0.45661336141854114,0.3307146561583685,-0.5240558872558685
358,0.6313507538886658,0.34536600055747424,0.3141764077525403,-0.6192025000231005
359,0.6077046494216325,0.2299953409682111,0.2872002202677576,-0.703784935674527
360,0.5675906021061459,0.11327500439553691,0.2509265873850591,-0.775915929417138
361,0.5116044342278859,-0.0020261988393984465,0.20674659494914646,-0.8339740061138379
362,0.4407528583561237,-0.11321207435622431,0.15626296235806625,-0.8766423618933462
363,0.3564317876847748,-0.2177247107924708,0.10124567927705394,-0.9029405536722203
364,0.26039477817844153,-0.3132063855852017,0.043583382572614085,-0.9122482163805969
365,0.15471236098918906,-0.3975561821460199,-0.014768274629806899,-0.9043202228520011
366,0.041723252465756505,-0.46897992560640983,-0.07183993441909561,-0.8792929110396313
367,-0.07602136645412252,-0.5260322133662597,-0.1257021567664312,-0.8376812222604192
368,-0.19581913471092424,-0.5676495160635848,-0.17451797655881168,-0.7803668171133762
369,-0.31488185161090954,-0.5931735493070613,-0.21659304535986737,-0.7085774570435377
370,-0.43040326183681266,-0.602364360952189,-0.25042206944987794,-0.6238581537395571
371,-0.5396276098564909,-0.595402836744954,-0.27473034935243396,-0.528034790351285
372,-0.6399172666176446,-0.5728825923551436,-0.2885093498290082,-0.4231711028913619
373,-0.72881775164342,-0.5357914855495567,-0.29104538011395537,-0.31152007257374836
374,-0.8041185356049677,-0.4854832418771493,-0.2819406381936982,-0.19547091622003884
375,-0.863908110624545,-0.4236399342729222,-0.26112606584576814,-0.07749296885700588
376,-0.9066219554338698,-0.3522262852693894,-0.22886566811307663,0.0399221724076777
377,-0.9310821966176976,-0.27343696433962517,-0.1857521667110603,0.15431883305818597
378,-0.9365279711951711,-0.189638227201676,-0.13269407614209017,0.26333435801212324
379,-0.9226357246721509,-0.10330538434634286,-0.07089450852632462,0.3647537330645954
380,-0.8895289267534653,-0.01695768911364419,-0.0018222229046228333,0.45656040646603974
381,-0.8377769479753738,0.06690770122500894,0.07282436823429023,0.5369820819628282
382,-0.7683831081191053,0.14588101628542707,0.1511593431477203,0.6045303807286345
383,-0.6827621747466232,0.21770276058108612,0.23115651659434236,0.6580334228643747
384,-0.5827078509115243,0.2803226058997861,0.31070060703482777,0.6966605557197926
385,-0.47035103856022487,0.33195279704145625,0.3876410436520625,0.7199386517877832
386,-0.3481098921996353,0.37111471911193517,0.45984706206635145,0.7277596084698419
387,-0.21863288039657092,0.3966774476546926,0.5252627018988548,0.720378900388938
388,-0.08473624554487252,0.4078873055374833,0.5819603183126268,0.6984052566968516
389,0.05066260920969751,0.4043876776172216,0.6281912533915394,0.6627817554684071
390,0.18461417640097222,0.38622858009505984,0.6624323808907568,0.6147588393320988
391,0.31420665430763733,0.35386573998720516,0.6834273378486553,0.5558599556841658
392,0.43663480254697806,0.3081492048017438,0.6902213863216673,0.48784070622387415
393,0.5492661590193958,0.2503017667007205,0.6821890048789032,0.41264254962970665
394,0.6497029996647341,0.1818877425241613,0.6590534885939723,0.33234223402725344
395,0.735838528206781,0.10477289462005177,0.620898033650011,0.24909823919280538
396,0.8059059262214651,0.021076501360342087,0.5681679934256769,0.16509557964454347
397,0.8585190709032138,-0.06688321508301522,0.5016642118120447,0.08249035714946082
398,0.8927039344173552,-0.15664892765707028,0.42252756107660466,0.003355453816993953
399,0.9079199095742871,-0.2456877999749427,0.33221503032292427,-0.07037127517409203
400,0.9040705560006579,-0.3314572322167767,0.2324679210443077,-0.13693501622738494
401,0.8815035228090674,-0.4114710951396776,0.1252729031899801,-0.19480702468368888
402,0.8409996714681042,-0.4833647756330057,0.01281686364243434,-0.24272159828530082
403,0.7837516894930109,-0.5449573849658882,-0.10256336541119793,-0.2797060847810099
404,0.7113327450784082,-0.5943095499382194,-0.2184351819287575,-0.3051031889823489
405,0.6256559784288752,-0.6297753158576892,-0.33232697820100776,-0.31858504006362093
406,0.5289258512096612,-0.6500468359253733,-0.4417861123781681,-0.3201586886769291
407,0.4235825756350855,-0.6541907005982177,-0.5444366737682558,-0.31016292029401543
408,0.31224101427222073,-0.6416749683535852,-0.638035631144019,-0.2892564906537789
409,0.19762557646018908,-0.6123861908297425,-0.7205259910192622,-0.2583981057893471
410,0.08250273399573127,-0.5666359747865798,-0.7900856645826727,-0.2188186774063144
411,-0.030387164972978588,-0.505156884500295,-0.8451708459434075,-0.17198657916875332
412,-0.13839709044521084,-0.4290877545611579,-0.8845528379820059,-0.11956680584484355
413,-0.23903786777330832,-0.3399487479353237,-0.9073474221083967,-0.0633750908546769
414,-0.3300384610528903,-0.2396067509691091,-0.9130360506446302,-0.0053281647048522285
415,-0.40940051504152813,-0.1302319393412761,-0.9014783408564332,0.05260856608834144
416,-0.4754458137773796,-0.014246570752122434,-0.8729155628898476,0.10847457512276802
417,-0.526855493199625,0.10573274416895678,-0.8279650347428449,0.16036763183122868
418,-0.5627000530156554,0.226957876548429,-0.7676055604406163,0.20649570501455145
419,-0.5824594446103994,0.3466155737615297,-0.6931542672580047,0.24522602062613985
420,-0.5860327611579544,0.46189577671683124,-0.6062354086971076,0.27513001207172866
421,-0.5737373170393086,0.5700601723444234,-0.5087418967556364,0.29502300491429634
422,-0.5462971696707591,0.6685092850724776,-0.4027905049347912,0.3039976107076825
423,-0.5048214012595753,0.7548464446337851,-0.2906718380267286,0.3014499633972718
424,-0.450772734222843,0.826937042472421,-0.17479629216504453,0.2870981123476417
425,-0.38592729563482936,0.8829616034795436,-0.05763732576487718,0.26099208406288615
426,-0.3123265670770631,0.9214613509474913,0.05832657357448878,0.2235153350956945
427,-0.23222275113926566,0.941375126750881,0.17066981096712988,0.17537753622546842
428,-0.14801894969881318,0.9420667412775036,0.27707608454921334,0.11759884727210057
429,-0.062205677906705475,0.9233420632674246,0.37539189353286245,0.05148605740420073
430,0.022704671676907498,0.8854554126263814,0.46367585692922314,-0.021398827903324535
431,0.1042437503757748,0.8291050831776213,0.5402426514752408,-0.09927678018363906
432,0.18005188748968723,0.7554180906495463,0.6037005122845848,-0.18019577574995002
433,0.24793979831361185,0.6659245072960882,0.6529814007323733,-0.2620795629046022
434,0.30594580207640293,0.5625220018001134,0.6873631270558334,-0.3427799516404609
435,0.35238709988109884,0.44743144512348476,0.706482915545884,-0.42013131732101155
436,0.38590381317838596,0.32314466372341205,0.710342113021594,-0.49200595092893484
437,0.40549466634301945,0.19236561556863538,0.6993019612192156,-0.5563688637488801
438,0.41054340796228883,0.05794642683529588,0.674070575312413,-0.6113306644474167
439,0.4008352992008471,-0.07718014599379303,0.6356814884959541,-0.6551971712107109
440,0.37656324822192644,-0.21007017581408932,0.5854643309963107,-0.6865144998126623
441,0.3383234308474689,-0.33783824641085647,0.525008405836774,-0.7041084782917812
442,0.28710050288666716,-0.4577256508046651,0.4561200983654759,-0.7071173776005932
443,0.22424277221440334,-0.5671654386374335,0.3807752076159885,-0.6950171117244605
444,0.15142795215881424,-0.6638427233067565,0.30106741126951886,-0.6676382462749796
445,0.07062035571397302,-0.7457487774043992,0.2191541692654576,-0.62517435684155
446,-0.015979393433066882,-0.8112275992730389,0.13720143166486837,-0.5681814924056638
447,-0.10599086750590933,-0.8590138203227874,0.05732854272820985,-0.4975687195638959
448,-0.19691513541439257,-0.8882610374948521,-0.018445275302999387,-0.41457994468171616
449,-0.28619931196294385,-0.8985598925782277,-0.08825151828745742,-0.32076742790018276
450,-0.3713027261705335,-0.8899454740721363,-0.15041881223184608,-0.2179576097400837
451,-0.4497630366029448,-0.8628938816219053,-0.20351398548286148,-0.10821006273936076
452,-0.5192606207324696,-0.8183080611648321,-0.24637678212650888,0.006229447661041998
453,-0.5776796063889114,-0.7574932841373645,-0.27814735990651596,0.1229806611877936
454,-0.6231639953410625,-0.6821228998228769,-0.2982858995079167,0.2395840282709687
455,-0.6541674499232424,-0.5941952298047181,-0.30658385226358775,0.3535580827381247
456,-0.6694954703932994,-0.4959826915729409,-0.3031665652060844,0.4624575856487457
457,-0.6683388794801954,-0.3899744292027117,-0.28848724059258485,0.563931023050203
458,-0.6502977466507347,-0.2788138879409608,-0.26331240610721307,0.6557760542915967
459,-0.6153951226140437,-0.16523289257123525,-0.22869928640264525,0.7359915561161661
460,-0.5640802085584984,-0.051983873531396455,-0.18596567111024323,0.8028249898787291
461,-0.4972208482449394,0.05822807213447975,-0.1366530638026643,0.8548139328762917
462,-0.4160854977882674,0.16281159684788327,-0.08248406589471391,0.8908207571310909
463,-0.32231509108966416,0.2593523484351703,-0.025315094871497176,0.9100596065031531
464,-0.21788547186707502,0.3456714807605259,0.03291434610166198,0.9121150115850443
465,-0.10506129975338813,0.41987798478889976,0.09023454315187385,0.8969516867735498
466,0.013657447919551313,0.48041355261250324,0.14469923309923347,0.8649152701409847
467,0.1355950706105236,0.5260888757244935,0.19443867322832264,0.8167239888838032
468,0.2579643732618381,0.556110494798346,0.23771075618818951,0.753451455699171
469,0.37793394934447033,0.5700975560223623,0.27294885593808915,0.6765010189144678
470,0.4926968598315138,0.5680880826984284,0.2988051729330849,0.5875722961786214
471,0.599539012290587,0.5505346339986716,0.3141884600784309,0.48862071288793774
472,0.6959055490425523,0.518289488904583,0.3182951525381686,0.3818110375218608
473,0.7794636001386606,0.47257975578117567,0.3106330907197776,0.26946605247147826
474,0.848159844618382,0.41497306020838665,0.2910372125110739,0.1540116171332427
475,0.9002714499639942,0.34733469930627014,0.25967679344328193,0.03791946709225792
476,0.9344491217391886,0.271777363968148,0.21705402682227348,-0.07635085301175518
477,0.9497511890711442,0.19060471583740912,0.1639939546643679,-0.1864095061739796
478,0.9456678721080322,0.10625025890344508,0.10162597901280776,-0.28999192839683363
479,0.9221351193828091,0.02121306243680053,0.03135739641439772,-0.3850110924025618
480,0.8795376601388586,-0.062008030277705094,-0.045160399342668855,-0.4696052032396412
481,0.8187011827348954,-0.14098003624931088,-0.1260722147644022,-0.5421796744917943
482,0.7408738186378069,-0.2133996442123608,-0.20936485726594192,-0.6014423773306048
483,0.6476973755625821,-0.27715358430352616,-0.29291730074335437,-0.6464313229742801
484,0.5411690164669869,-0.3303740247650373,-0.3745539653991545,-0.676534128023469
485,0.42359431706375145,-0.3714875905217777,-0.45209977972515897,-0.6914988169274628
486,0.29753284741093844,-0.3992567597979648,-0.5234356444032519,-0.6914357313845736
487,0.16573760769011786,-0.4128125874640439,-0.5865529042251179,-0.6768105374279301
488,0.031089799897221604,-0.41167792271364206,-0.6396054553279655,-0.6484285417894795
489,-0.10346946791461858,-0.39578052848171646,-0.6809581705977962,-0.607410744373437
490,-0.23500887284098837,-0.3654557647235502,-0.7092304146487972,-0.5551622579511581
491,-0.3606762578453826,-0.3214387609033248,-0.7233335391679014,-0.49333391443366414
492,-0.47776600438174677,-0.26484626819902846,-0.7225013966661118,-0.42377804461023083
493,-0.583782749686627,-0.1971486423792551,-0.7063130821571115,-0.34849956090368417
494,-0.676499892673385,-0.1201326575239004,-0.6747073037340583,-0.26960358695140263
495,-0.7540114620444979,-0.03585608250338315,-0.6279879896854546,-0.1892409608511098
496,-0.8147760852071919,0.05340483940713192,-0.5668209565428405,-0.1095529886684576
497,-0.8576519927228405,0.14521368744573993,-0.49222168389893506,-0.03261684007751725
498,-0.8819222154583903,0.237036469545166,-0.4055344624636935,0.039607041555906164
499,-0.8873093748003514,0.32630696028148753,-0.308403396146766,0.10532419621531415
