,0,1,2,3
0,-0.04217813332116625,0.0,0.9991101065796211,0.0
1,0.03328964270833802,-0.09539847154687232,0.9948716452894125,-0.0046196010659913175
2,0.10201527311779796,-0.19402964764651995,0.9756405942709933,-0.008414909114872852
3,0.1628357534129236,-0.293962261516945,0.9417871559775686,-0.010375887912409858
4,0.21483224433623754,-0.3931787338611788,0.8939610393463155,-0.009552495152108806
5,0.2573477419039166,-0.48962132575621203,0.8330769633512755,-0.005086279101888035
6,0.2899978512046405,-0.581239801955371,0.76029428350826,0.0037605031888910748
7,0.3126744444907961,-0.6660394479954658,0.6769912280318517,0.017579039910978707
8,0.3255421643305892,-0.7421282709320817,0.584734358540172,0.03679210063217633
9,0.3290279133501148,-0.8077622289015078,0.4852439833062502,0.06163676225776847
10,0.32380364884895774,-0.8613873786863459,0.3803563462975031,0.09215221464067272
11,0.3107629688971487,-0.9016779019923852,0.2719834903017312,0.12817300505226745
12,0.29099213220566694,-0.9275690684898763,0.16207174548430003,0.16932794066808632
13,0.2657362932170714,-0.9382843144527437,0.05255982447736742,0.21504472225586893
14,0.23636185301400403,-0.9333557570807112,-0.05466248913424734,0.26456023405970636
15,0.20431592282128205,-0.9126376228373164,-0.15779409040289827,0.3169362681951401
16,0.17108396768956122,-0.8763122394827476,-0.2551598141053181,0.37108032041334105
17,0.13814674163968121,-0.8248884216983338,-0.3452443452380439,0.42577096143763166
18,0.1069376410419843,-0.759192264840827,-0.42672200223147677,0.4796871675850739
19,0.0788015899368348,-0.6803505458689948,-0.49848172035695065,0.5314408891204766
20,0.05495652972025711,-0.5897671102935048,-0.5596466831210635,0.5796120474323728
21,0.03645851717859007,-0.4890927946694485,-0.6095881829112633,0.6227850849069131
22,0.024171340995739934,-0.38018959146019204,-0.6479334354477256,0.6595861460406124
23,0.01874144995071622,-0.26508990316267644,-0.6745672221409321,0.6887199460651723
24,0.020578849024159296,-0.1459518519358814,-0.6896273865334841,0.7090053847696246
25,0.029844465996827312,-0.02501170666670235,-0.6934943618420724,0.7194089883176606
26,0.04644432472411532,0.09546544092192326,-0.6867750524708996,0.7190753100990859
27,0.07003068630253169,0.21323557758524447,-0.6702815296300447,0.7073534918728338
28,0.10001014021590549,0.32612506059783253,-0.6450051264692241,0.6838192769529642
29,0.13555844877513948,0.4320781297538665,-0.612086628340493,0.6482918757479887
30,0.1756417742517516,0.5292015131707419,-0.5727833462239349,0.600845207922977
31,0.21904375343764007,0.6158050729216896,-0.5284339337271113,0.5418131817606079
32,0.26439773309618947,0.6904375344767971,-0.48042185864385123,0.47178881658681254
33,0.3102233457231704,0.7519164652219283,-0.4301384676196197,0.39161716480553893
34,0.35496649159962534,0.7993518089382187,-0.37894658638440537,0.3023821424228905
35,0.3970417031675907,0.8321624415453491,-0.32814557823688706,0.20538752715450093
36,0.4348758035802534,0.8500853847088834,-0.2789387405450824,0.1021325275703165
37,0.46695173451327854,0.8531774938377567,-0.23240385409659597,-0.005717538352601494
38,0.49185141992989667,0.8418096210932863,-0.18946761486334726,-0.11636479478655334
39,0.508296552714764,0.8166534377361843,-0.15088457432600877,-0.22791582297510185
40,0.5151862394598512,0.7786612789063456,-0.11722109556933422,-0.33842128502308416
41,0.5116305140235127,0.7290395433411295,-0.08884470093413022,-0.44591723501219127
42,0.4969788309390808,0.6692163364069247,-0.06591904642799759,-0.548467151252052
43,0.47084277283913817,0.6008041833014539,-0.04840461191482033,-0.6442037023628479
44,0.433112348734874,0.5255587569715473,-0.03606504801930624,-0.7313692628592269
45,0.3839654187027117,0.4453346592941535,-0.02847897443921288,-0.8083542209246528
46,0.3238699513345279,0.3620393620900297,-0.02505688364680326,-0.87373217149303
47,0.25357899894899827,0.2775864549315129,-0.02506267233338777,-0.9262911603735016
48,0.17411845758572636,0.19384935850884794,-0.027639203726925677,-0.9650602381981223
49,0.08676785966776694,0.11261664528757771,-0.03183720009934442,-0.9893306941678706
50,-0.00696537759668043,0.035550063794710436,-0.03664667899525615,-0.9986714661978415
51,-0.10537765987768469,-0.03585370970751096,-0.04103008112047437,-0.9929383630126091
52,-0.20660614032641733,-0.10029666630916786,-0.04395619408187239,-0.9722768816075618
53,-0.3086699890418646,-0.1567076012020769,-0.04443395537435067,-0.9371185566406077
54,-0.4095150236964779,-0.2042641275342137,-0.041545220692900585,-0.8881709329893306
55,-0.5070606301196767,-0.24240805960240794,-0.034475609744010455,-0.8264014051023937
56,-0.5992478404893622,-0.2708538267080534,-0.022542590587525654,-0.7530153131484391
57,-0.684087403540678,-0.28958975614377236,-0.005220033931186859,-0.6694288227282429
58,-0.7597066767354881,-0.2988722445269812,0.0178414410434709,-0.5772372387124869
59,-0.8243941947977016,-0.2992130165158522,0.046798900090269296,-0.4781795115661842
60,-0.8766408218418108,-0.29135984432831447,0.08160675486419346,-0.3740997836861574
61,-0.9151764742323341,-0.27627126606893915,0.1220119656128462,-0.26690689163756726
62,-0.9390015063640003,-0.2550859915342121,0.16755495728099465,-0.15853278607187138
63,-0.9474119791738745,-0.2290878171475313,0.2175762734958522,-0.05089085344223282
64,-0.940018178252683,-0.19966698365064658,0.2712288446558408,0.054164878113190394
65,-0.9167559112941392,-0.16827899835578733,0.32749560081763,0.1548786920939206
66,-0.8778902892943655,-0.13640200594817686,0.3852120209430325,0.24962938860830114
67,-0.8240118780797745,-0.10549382648020411,0.44309308084980775,0.33696290457709616
68,-0.756025291904394,-0.07694978546576854,0.49976394618476283,0.41562060417101726
69,-0.675130484443603,-0.052062438727635156,0.553793656852678,0.48456260387943273
70,-0.5827971699853519,-0.031984244449090204,0.6037309681385448,0.5429856212410977
71,-0.48073297459676173,-0.017694158011537925,0.6481414533360091,0.5903349730238742
72,-0.3708460693975809,-0.00996902360855138,0.6856449346069998,0.626310494106892
73,-0.25520317203801796,-0.009360512880790775,0.7149522940542603,0.6508662988716603
74,-0.13598391474796623,-0.016178218037384548,0.7349007260150181,0.6642044588028237
75,-0.01543266512614954,-0.030479348717437363,0.7444865242117354,0.6667628194613086
76,0.10419105299361983,-0.052065312187432475,0.7428945528657578,0.6591973233147206
77,0.2206623582311036,-0.08048527964095391,0.7295236278611367,0.642359338542946
78,0.331839845449296,-0.11504666182169523,0.7040071306692611,0.617268614577726
79,0.43571229513998,-0.154832239453289,0.6662282916476545,0.5850825898093175
80,0.5304421522536532,-0.1987235225104038,0.6163297077115237,0.5470628630292823
81,0.6144047487466662,-0.2454297515284715,0.5547167990826669,0.5045397056701291
82,0.6862223496093333,-0.29352180798372945,0.4820550573986685,0.45887553516283075
83,0.7447922300710373,-0.3414701729740112,0.3992610892671893,0.4114282897323505
84,0.7893081388718043,-0.387685967228223,0.30748761161602856,0.36351564124218283
85,0.8192746652881254,-0.4305640235632723,0.2081027041443853,0.31638095542846745
86,0.8345142019629448,-0.4685268873784505,0.10266376612556753,0.2711618587680159
87,0.8351663771900869,-0.5000686130562502,-0.0071132437820008165,0.22886219960946386
88,0.8216800146399624,-0.5237972249567286,-0.11938858846176473,0.19032809990647687
89,0.7947978610193994,-0.5384747410669393,-0.232236756895542,0.15622868526145456
90,0.75553449831627,-0.5430537145994753,-0.34368681364861076,0.12704195778466074
91,0.7051480227328334,-0.5367093325287443,-0.45176415429770916,0.10304614162693876
92,0.6451062230739377,-0.5188662181504381,-0.5545326903584434,0.08431668836812717
93,0.577048123511966,-0.4892192145768717,-0.6501364735928717,0.07072898235046554
94,0.5027418660480435,-0.4477475744203442,-0.7368397800514991,0.06196663825710984
95,0.4240399939209888,-0.39472214408454315,-0.8130647085959697,0.05753513848543466
96,0.34283325658573555,-0.33070530502233964,-0.877425406137277,0.05678041980941796
97,0.26100408825861177,-0.2565436146959529,-0.9287581110147164,0.058911890950808406
98,0.1803809146736925,-0.17335327229629835,-0.9661463049017747,0.06302924821298285
99,0.10269441659459302,-0.08249871399325057,-0.988940379935242,0.0681523581638692
100,0.029536824478207904,0.014435184891089359,-0.9967713585723823,0.0732533969633598
101,-0.03767476211166603,0.11567666218436687,-0.9895583457781467,0.0772903773217012
102,-0.09773014213152872,0.21930559127639646,-0.9675095430409941,0.07924115773048857
103,-0.14965210682336216,0.3232960626157453,-0.9311168077299725,0.07813701544869392
104,-0.19271624472235788,0.42556200888667506,-0.8811438956537683,0.07309487509087552
105,-0.2264640040394667,0.5240047790000205,-0.8186086755732944,0.06334731829911087
106,-0.2507087305463016,0.6165615134964484,-0.744759748148393,0.04826955604490635
107,-0.26553457772982664,0.7012531496977906,-0.6610480348397371,0.027402622197402998
108,-0.27128836678334767,0.776230889594207,-0.569094021378394,0.00047214317566715916
109,-0.26856465242311556,0.8398199969461351,-0.47065144264336084,-0.032597848640206165
110,-0.2581844220937634,0.8905598516173845,-0.3675682786562305,-0.07167646336858281
111,-0.24116801655349399,0.9272392772494145,-0.2617459928968711,-0.11642313223783565
112,-0.21870300509580926,0.948926270885573,-0.1550979827797971,-0.166290540088419
113,-0.19210787513603433,0.9549913972997374,-0.04950822698988469,-0.22053328740697783
114,-0.16279250040799254,0.9451242632786723,0.05320889487041757,-0.2782221096166333
115,-0.13221643197144028,0.9193426541969,0.1513466679533445,-0.33826333734290515
116,-0.10184610963353201,0.8779940927879888,0.24334110684990404,-0.39942314492148917
117,-0.07311211691377187,0.8217497636762925,0.32780221058987224,-0.4603560089656002
118,-0.047367599707230576,0.7515909324548303,0.403540696464851,-0.5196366875484421
119,-0.025848937416093745,0.6687881703042602,0.4695896155316788,-0.5757949363100978
120,-0.009639696328148317,0.5748738698442297,0.525220381285851,-0.6273521029748488
121,0.00036119008131447333,0.4716087007766528,0.5699528826918311,-0.6728586882880787
122,0.0034661783098847744,0.36094280089778813,0.6035595000326546,-0.7109319306433738
123,-0.0007798958933078991,0.24497262559213376,0.6260629932241507,-0.740292464495019
124,-0.01258515328040051,0.1258944838284509,0.6377283835668488,-0.7597991192754107
125,-0.03190272665413546,0.005955868369898042,0.6390490976203951,-0.7684809656032798
126,-0.05842975849462502,-0.1125942595751143,0.6307277823154388,-0.7655657781330356
127,-0.09161338470471753,-0.22755504698518253,0.6136523300879461,-0.7505041679512191
128,-0.1306635690103395,-0.33682200766237136,0.5888677685249919,-0.7229887399400943
129,-0.17457247630470504,-0.4384328175001039,0.5575447678968558,-0.6829677494923193
130,-0.22213990467831232,-0.5306095629699566,0.5209455995887367,-0.6306528654525178
131,-0.2720041392811637,-0.6117964478793977,0.4803884368919721,-0.5665207889182454
132,-0.3226774504734688,-0.680692076215117,0.437210925456498,-0.4913086270312884
133,-0.37258533749267136,-0.7362755631394722,0.3927339630979231,-0.4060030734348244
134,-0.4201085201687194,-0.7778258786115085,0.3482266173360345,-0.3118235988865926
135,-0.4636266075639326,-0.8049339948715613,0.304873074352315,-0.2102000028397665
136,-0.5015623256801249,-0.8175075860182537,0.2637424559129638,-0.10274481597604077
137,-0.532425167772739,-0.8157682107264089,0.22576226269248098,0.00877882875874961
138,-0.5548533408441096,-0.8002410932705923,0.19169610535707476,0.12249312628122273
139,-0.5676529203439685,-0.7717377988691645,0.16212627120614997,0.23644450513034126
140,-0.5698331910611424,-0.7313322724706709,0.13744154701405004,0.3486446081073734
141,-0.5606372440334204,-0.6803308711869529,0.11783058119174153,0.4571123936720906
142,-0.5395670147710667,-0.6202371656571316,0.10328092398545889,0.5599163738000148
143,-0.5064020843286127,-0.5527124111269002,0.09358373680241712,0.6552159978053201
144,-0.46121171839281955,-0.4795326918619709,0.0883440146371485,0.7413012095838946
145,-0.40435978676728057,-0.402543820163691,0.08699602268490489,0.8166292474131392
146,-0.33650238226862655,-0.3236151218290813,0.08882351318173565,0.8798578198533802
147,-0.2585781397086107,-0.2445932621829193,0.09298416471609486,0.9298738768626637
148,-0.17179143779375233,-0.16725726029860155,0.09853757684158262,0.9658172998700896
149,-0.07758884488609677,-0.09327580392774325,0.10447606054959305,0.9870989556893026
150,0.022370660812451693,-0.024167914899219815,0.10975739236661862,0.9934126938212121
151,0.12625100920371174,0.03873207406127287,0.113338648366503,0.9847410115865038
152,0.23207906668985243,0.09430438273893596,0.11421020553830807,0.961354263084891
153,0.3377884272970727,0.1416677722483495,0.11142899246218958,0.923803442475303
154,0.4412659219411387,0.1801970955459448,0.10415008926707826,0.872906725713522
155,0.5403997300240172,0.20953401077472644,0.09165581793177181,0.8097301038975169
156,0.6331279337657924,0.2295906330411927,0.0733815271213018,0.7355625820979118
157,0.7174863404565673,0.24054607990709145,0.04893735934384489,0.6518865465401354
158,0.7916544115756154,0.24283604626993321,0.01812539017545512,0.5603440170964977
159,0.853998180165779,0.237135720879624,-0.019048352928164775,0.46269959845148223
160,0.9031091079533976,0.22433652506661592,-0.0623673540892551,0.3608010196722795
161,0.9378379297636504,0.20551731012177432,-0.11140377639786972,0.2565382063966958
162,0.9573226524479699,0.18191078926691578,-0.1655234086611166,0.15180186113312166
163,0.961010015876875,0.15486609979725455,-0.22389631834250048,0.04844253451864035
164,0.9486698811058382,0.12580848777226666,-0.28551299031018934,-0.051768846338528005
165,0.9204021817128722,0.09619717916293687,-0.3492055889000131,-0.1471780666413024
166,0.8766362543207106,0.06748254584955207,-0.4136738473751752,-0.23628146692882393
167,0.8181225490122505,0.04106369120177407,-0.477514967507484,-0.31775576134652517
168,0.7459169051662362,0.01824756776556293,-0.5392568057927203,-0.3904831549044037
169,0.6613577586177755,0.00021069914899551553,-0.5973935344489204,-0.45357120248155747
170,0.5660368175306895,-0.0120354894306966,-0.6504228970907704,-0.5063669846405288
171,0.4617639027217362,-0.017674820593601454,-0.6968841325853194,-0.5484653176008337
172,0.3505267894909727,-0.016111199146445997,-0.7353956172888333,-0.5797108634341706
173,0.23444700880039945,-0.006987472706154765,-0.7646912762814209,-0.6001941579762479
174,0.11573266292690007,0.009802186798991596,-0.7836548384022775,-0.6102417243310294
175,-0.003370617901022069,0.03410672000402554,-0.7913510572983616,-0.6104005854341026
176,-0.12062940764275426,0.06551959974021346,-0.7870530902062685,-0.6014176263283311
177,-0.23387172011167662,0.10338721861321656,-0.7702653161115157,-0.5842143821877861
178,-0.3410345769847758,0.14682405070689505,-0.7407409830809631,-0.5598579386050407
179,-0.44020877974941386,0.19473421928540333,-0.6984941982938202,-0.5295287235086585
180,-0.5296798275913133,0.2458389371516415,-0.643805910565482,-0.4944860430223877
181,-0.6079640195091741,0.2987091343664278,-0.5772236806096386,-0.45603226483634735
182,-0.6738388986918182,0.3518024531781007,-0.4995551853291447,-0.415476580998773
183,-0.7263673374295474,0.40350367566760925,-0.411855555331653,-0.3740992867952244
184,-0.7649147180627603,0.4521675586786793,-0.31540879584887743,-0.33311749349245023
185,-0.7891588357890365,0.4961629853913683,-0.21170368655718882,-0.2936531507096587
186,-0.7990923283230877,0.533917305081174,-0.1024046918482055,-0.2567041901440579
187,-0.7950176209848008,0.5639597231723507,0.010681463497844067,-0.22311951797316132
188,-0.7775345592250983,0.5849626229196467,0.12564279059435574,-0.193578480646125
189,-0.7475210793409989,0.5957797474968601,0.24050175275268243,-0.16857531057758784
190,-0.7061074377546384,0.5954802457870345,0.3532567812095278,-0.14840892747565082
191,-0.6546446755405997,0.583377684931915,0.4619246233579531,-0.13317833099057655
192,-0.5946681340218857,0.5590532552498734,0.5645825337560039,-0.12278367461148074
193,-0.5278569557876734,0.5223725354412702,0.6594093194804677,-0.1169329629554268
194,-0.4559906005026711,0.47349534454146835,0.7447242767775784,-0.11515416852585086
195,-0.3809034740535321,0.4128783779186399,0.8190231048329556,-0.11681242335902729
196,-0.3044388112333892,0.3412705034994406,0.8810099536529353,-0.1211318092843095
197,-0.22840296530979853,0.25970077688882176,0.9296248547813915,-0.12722115112556878
198,-0.15452124217421154,0.1694594155846511,0.9640658936230264,-0.13410311308647851
199,-0.08439637277124228,0.0720721485467665,0.9838056078067392,-0.14074581242410586
200,-0.01947064629855787,-0.03073147643133538,0.9886012342146268,-0.1460960985050076
201,0.03900736992333389,-0.13705509293486035,0.9784985746286765,-0.14911360112991032
202,0.09001071753248059,-0.2448769547766641,0.953829402786924,-0.14880463073350556
203,0.1327558742028039,-0.35209483140017517,0.9152024902376915,-0.1442550152634487
204,0.16671800956837846,-0.4565732886594376,0.8634884809359045,-0.13466098417607072
205,0.1916393271085034,-0.5561922209943573,0.7997989912923718,-0.11935725842390657
206,0.2075303255915402,-0.6488954660978921,0.7254604497636329,-0.09784157534614277
207,0.21466399394442504,-0.7327383270382725,0.6419833146884956,-0.06979496725805803
208,0.21356313294022888,-0.8059328496418448,0.5510274178875915,-0.035097220019018584
209,0.20498117137230126,-0.8668897542298641,0.4543642718873451,0.0061629397536358006
210,0.18987700903888713,-0.9142559992976229,0.35383724831119573,0.05368324593682376
211,0.1693845697692176,-0.9469470585124078,0.2513205823144959,0.10694905705006288
212,0.1447778811005728,-0.9641731189448914,0.14867818179477324,0.1652403101737204
213,0.1174326097264896,-0.9654585546272202,0.047723219939131055,0.22764414279437198
214,0.08878507066504084,-0.950654191752709,-0.04982053447664764,0.29307291460397744
215,0.060289791023953127,-0.9199420560987324,-0.14235474210400997,0.3602872214214993
216,0.033376744697134,-0.8738324752688001,-0.22843903601468246,0.42792336335342607
217,0.009409381436452298,-0.813153593620321,-0.3068193352745486,0.4945246123551582
218,-0.010355447664863605,-0.7390335416985031,-0.37645128971989733,0.5585755234670211
219,-0.024804615616908905,-0.6528756800922357,-0.4365183399352146,0.6185384517460522
220,-0.03300191934053412,-0.5563275054686795,-0.48644401207546606,0.6728913754052444
221,-0.03421647816631747,-0.4512439599855669,-0.5258982116907726,0.7201660864959472
222,-0.027945578504328987,-0.3396460205390148,-0.5547974304871999,0.7589857946621075
223,-0.013931354469866854,-0.2236755580434242,-0.5732989312578342,0.7881011975090664
224,0.007829147870511505,-0.10554754635800959,-0.5817891252743467,0.8064241028230319
225,0.037080805489959415,0.012499236626955283,-0.5808664995338374,0.8130577425172618
226,0.0733142586744635,0.12825183839297344,-0.5713195848547571,0.8073229944608417
227,0.1157766829288267,0.23957190839973713,-0.5541005765981516,0.7887798244182594
228,0.16348924081433527,0.3444424617085752,-0.530295324769126,0.7572433738489214
229,0.21527079009373917,0.4410115209748293,-0.501090496840901,0.7127942475045823
230,0.26976726309861665,0.5276316068429021,-0.4677387827150343,0.6557826944689183
231,0.3254859853110696,0.6028941506335178,-0.4315230551777055,0.5868265240665852
232,0.38083407247766127,0.6656580296488005,-0.39372041998032997,0.5068027502832497
233,0.43415993840619066,0.7150715712868417,-0.35556708679129334,0.4168331112222888
234,0.48379686265550603,0.7505875338209435,-0.31822496585581084,0.3182637598963298
235,0.5281075107305405,0.7719707451393412,-0.2827508459734946,0.2126395656040447
236,0.5655282705966602,0.7792982616484203,-0.25006893863977897,0.10167359772957534
237,0.5946122690913338,0.7729520934237747,-0.2209474827194065,-0.012787517265611541
238,0.6140699601855382,0.7536047239864978,-0.1959799961404276,-0.12880157256713023
239,0.6228062333642231,0.7221978292680638,-0.17557163856502583,-0.2443712151927095
240,0.6199530732873559,0.6799147660426579,-0.15993101492211992,-0.35748589944877407
241,0.6048969093276183,0.6281475512524225,-0.1490676074782006,-0.46616438231830554
242,0.577299922908836,0.5684591864965093,-0.14279487738072644,-0.5684967680567772
243,0.5371147285932778,0.5025422932259608,-0.14073892904802016,-0.6626851180596831
244,0.48459200791703255,0.43217511115047186,-0.14235248613518836,-0.7470816748228705
245,0.42028084900462387,0.3591759728955847,-0.14693378973615964,-0.820223804755892
246,0.34502172568117667,0.2853574005860894,-0.15364990147994695,-0.8808648423645569
247,0.2599322326477161,0.2124809740061569,-0.16156377948293843,-0.92800011598887
248,0.16638587373877056,0.14221409524833228,-0.16966439663118638,-0.9608875504702188
249,0.06598437384291997,0.07608972197634783,-0.1768990908822401,-0.979062371998412
250,-0.03947585259491669,0.015470061956190963,-0.1822072782186451,-0.9823455817629185
251,-0.1480422965116685,-0.03848488261533394,-0.1845546220580221,-0.9708460144279579
252,-0.2576491045258806,-0.08484315859059359,-0.18296673927034834,-0.9449559511946365
253,-0.3661629705884424,-0.12292047572100648,-0.17656153283261405,-0.9053404115260554
254,-0.47143107387209454,-0.15229313355379304,-0.16457927433264355,-0.8529203987010229
255,-0.5713299135643003,-0.1728039752943505,-0.1464096151989644,-0.7888505185181567
256,-0.6638138652621794,-0.18456126061073436,-0.12161478229896366,-0.7144915241581494
257,-0.7469622866395598,-0.1879305297536516,-0.0899483094958391,-0.6313784601517146
258,-0.8190240319253457,-0.18351970956917035,-0.0513687694876458,-0.5411851816612495
259,-0.8784582947420578,-0.17215788351779887,-0.006048096944375171,-0.44568610934703945
260,-0.9239707855479156,-0.15486830837881002,0.04562576856520678,-0.34671614291331115
261,-0.9545443611857255,-0.13283640588547208,0.10305204655760762,-0.24612969650218153
262,-0.969463357136626,-0.1073735844574639,0.1654260647295943,-0.1457598354767726
263,-0.9683310247344455,-0.07987785129086913,0.23175382290643334,-0.047378486448448616
264,-0.9510796420807429,-0.05179225570427521,0.30087185690970714,0.04734133910586988
265,-0.9179730446090405,-0.024562258804620353,0.3714719501657103,0.136860421794263
266,-0.8696015048071075,0.00040684912260868095,0.44213011452796214,0.21980450208877556
267,-0.8068690759893377,0.021791364230479848,0.5113391495363427,0.29499102496269036
268,-0.7309736976415923,0.038388329018784695,0.5775439940312364,0.36145086043578806
269,-0.6433805352300362,0.049151406010112156,0.6391790081132784,0.4184445265046084
270,-0.5457891911454537,0.0532225190367348,0.6947062688370256,0.4654725795734019
271,-0.4400955716040511,0.049958424394815924,0.7426539311682546,0.5022799838803305
272,-0.3283493231915974,0.038951503855123824,0.7816536974717863,0.5288544218740446
273,-0.2127078591442424,0.02004421930662391,0.8104764543941793,0.5454186582830718
274,-0.09538807678966227,-0.006663169066564709,0.8280651751324425,0.552417217976809
275,0.02138307817034079,-0.040811846792391304,0.833564246817944,0.5504977779757051
276,0.13541801899371145,-0.0817906987171735,0.8263444656110718,0.5404878036451226
277,0.24461671846070426,-0.12874943989020549,0.8060230440853613,0.5233670749873758
278,0.3470125563483951,-0.180618314762967,0.772478094089704,0.5002368481632252
279,0.44081472766927254,-0.236133886638927,0.725857180606354,0.4722864774825288
280,0.5244462122805628,-0.29387028201627197,0.6665796849187767,0.4407583821390485
281,0.5965764176381247,-0.35227511294863867,0.5953328651498072,0.40691227849206424
282,0.6561477392724374,-0.40970917838556764,0.5130616552336709,0.3719896118484718
283,0.7023954346927247,-0.464488945739866,0.42095239586588235,0.33717911119026756
284,0.7348603721145547,-0.5149307391977566,0.320410839162634,0.3035843564349267
285,0.7533943915335128,-0.5593955134510429,0.2130349089877935,0.2721941915053519
286,0.758158197854345,-0.5963330718274709,0.1005828276967829,0.24385673918016731
287,0.7496118895055127,-0.6243245967621847,-0.015062665792148537,0.21925767737742707
288,0.728498406664051,-0.642122398009179,-0.13193318499193474,0.19890332365438979
289,0.6958203564044458,-0.6486858490429661,-0.24801575347141913,0.18310894815546847
290,0.6528108334787577,-0.6432125731636366,-0.361295097632197,0.17199259822424623
291,0.6008990010415556,-0.6251640556566389,-0.46979618927648853,0.16547457388823775
292,0.5416713218572481,-0.5942849941402925,-0.5716260446864784,0.1632825460763924
293,0.4768294342607566,-0.5506158526009134,-0.6650138031955339,0.1649621624693015
294,0.40814574583925517,-0.49449825176769807,-0.7483481482831073,0.16989284303127408
295,0.33741786954434766,-0.42657300526883013,-0.8202111970947197,0.17730833214634528
296,0.26642305048540765,-0.34777079304399044,-0.8794080684385508,0.18632145029701128
297,0.19687372645569545,-0.25929564623948137,-0.9249914426757879,0.19595237852413452
298,0.1303753314801753,-0.16260159672980723,-0.9562805469646827,0.20515971626827245
299,0.06838739023839913,-0.05936301503545711,-0.972874133086703,0.21287347996657083
300,0.012188863687314515,0.048560681515792556,-0.9746571592871845,0.21802915782749743
301,-0.03715140518185252,0.1591651269561599,-0.9618010386560925,0.21960190685444286
302,-0.07879842894607791,0.27034496620264276,-0.934757470839873,0.2166399721971153
303,-0.1121684303220983,0.3799406325090204,-0.8942460275208448,0.20829642644776433
304,-0.13693941133352722,0.4857868265135517,-0.8412358113495518,0.19385836714618015
305,-0.15305470848453698,0.5857615350487239,-0.7769216492037906,0.17277277351058518
306,-0.16071948452944315,0.6778344109382479,-0.7026954103121636,0.1446683067116195
307,-0.16039028749374787,0.7601133470789101,-0.6201131547447957,0.10937243977631277
308,-0.15275798403165536,0.8308881189244048,-0.5308589152300911,0.0669234209046344
309,-0.1387245425663009,0.8886700380728562,-0.4367059928312612,0.017576704657683122
310,-0.11937429772649238,0.9322266543396823,-0.3394767028307854,-0.03819437414184754
311,-0.09594046745141271,0.9606106621530066,-0.24100153988755021,-0.09970376239137559
312,-0.06976781427525702,0.9731823064300991,-0.1430787403863858,-0.16606361609964237
313,-0.04227243971584125,0.9696247398518726,-0.04743520472131045,-0.23620077489438157
314,-0.014899772934263577,0.9499519537854361,0.044310296533029155,-0.30887842250130165
315,0.010918139901357319,0.9145090848125131,0.13068076999233513,-0.3827224377674793
316,0.03380492195698046,0.8639650834702641,0.21037072022075584,-0.4562518184835008
317,0.052480615563059635,0.799297916844469,0.2822712650734095,-0.5279124529996164
318,0.0657998229369977,0.7217726575059051,0.34549008455468283,-0.5961134251572612
319,0.07278623206198129,0.6329129834861683,0.39936577327728456,-0.6592649686518258
320,0.07266261440833448,0.5344667733000905,0.44347630788938797,-0.7158171393912871
321,0.06487549684082639,0.4283666225090057,0.4776414887099678,-0.7642982499605819
322,0.04911384603955567,0.31668623047120864,0.5019193655779138,-0.8033521096101034
323,0.025321256654521056,0.20159370473603036,0.5165968078146447,-0.8317731363346348
324,-0.006298699629880892,0.08530290357827336,0.5221745234857132,-0.8485384540765161
325,-0.04528413209756196,-0.0299760173471684,0.5193469702077624,-0.8528361567734984
326,-0.09092348470861011,-0.1420856714290914,0.5089777251768094,-0.8440890102215698
327,-0.14227099483173172,-0.2489689500342611,0.49207099278158656,-0.8219729703654328
328,-0.19816859153668231,-0.3487138443436508,0.469740021373636,-0.786430020034416
329,-0.2572737021366609,-0.4395945191289976,0.4431732741965378,-0.7376749622825498
330,-0.3180922829453349,-0.5201076721149681,0.4135992513312914,-0.6761959540221798
331,-0.37901625446417814,-0.5890033307702959,0.38225088853623995,-0.6027487149772242
332,-0.4383644058764153,-0.645309377207335,0.3503304643651408,-0.5183445003919723
333,-0.49442574171863846,-0.6883492478800471,0.31897592884288695,-0.4242320776270525
334,-0.5455041772727314,-0.7177524240682899,0.2892295257640421,-0.32187409300594655
335,-0.5899634502710019,-0.7334575075076815,0.26200951743315165,-0.21291835242505439
336,-0.6262711059538619,-0.7357078585327936,0.23808573701820662,-0.09916466391267217
337,-0.6530404306711224,-0.7250399572005314,0.21805959178043918,0.01747200057453141
338,-0.6690692556651531,-0.7022648265039542,0.20234902287323367,0.1350011759996717
339,-0.6733746263002253,-0.6684430265452922,0.19117879715975755,0.2513984893243146
340,-0.6652224310098439,-0.6248538852045441,0.1845763668893496,0.3646481923883182
341,-0.6441512061896741,-0.5729597705429089,0.18237338763664032,0.4727856516284531
342,-0.6099894751592191,-0.5143663294687664,0.1842128373293293,0.5739388032420268
343,-0.5628661376412982,-0.45077971313219195,0.1895615332079995,0.6663676060952084
344,-0.5032135970421271,-0.3839618797498087,0.1977277028697356,0.748500571922812
345,-0.4317634919172027,-0.31568510838686686,0.20788313370890835,0.8189675220114648
346,-0.3495350809311634,-0.24768687161486022,0.21908930542181182,0.8766278098930443
347,-0.25781651281372553,-0.18162620060760729,0.23032680581874224,0.920593358380752
348,-0.15813938974499833,-0.1190426335428969,0.24052724363639466,0.9502459838794022
349,-0.0522471998631702,-0.06131876825236236,0.24860680556451475,0.96524861822925
350,0.05794165199502217,-0.009647344702008991,0.25350055998849613,0.9655501850187814
351,0.17037535046631092,0.03499633548444636,0.2541965881513395,0.9513840397170632
352,0.28291373321399255,0.07187598362821729,0.2497690251259702,0.9232600373805969
353,0.39337584159415184,0.10050937878662927,0.23940911814297736,0.8819504442858577
354,0.4995888236524866,0.12067655629507985,0.22245345782973924,0.8284700568770607
355,0.5994370180061155,0.13242095950660882,0.19840860760040685,0.7640510292888506
356,0.690910039293902,0.13604356401883477,0.16697144606115819,0.6901130360254065
357,0.772148707026082,0.13209016295576553,0.1280446446285173,0.6082295060832085
358,0.8414877093343179,0.12133217607854122,0.08174682491967057,0.5200907562174896
359,0.8974939701143569,0.10474151025773863,0.02841707480225516,0.4274649219491336
360,0.9389997904846138,0.08346015001357275,-0.03138635507789126,0.33215763357853
361,0.9651299608409484,0.05876529062363342,-0.09689320452241205,0.23597140975645745
362,0.9753221849893832,0.03203093935412465,-0.16713408773727964,0.14066574248142724
363,0.9693403193074417,0.004686999853066425,-0.24095884219170421,0.04791882476603438
364,0.9472801036418282,-0.021823081590591462,-0.3170599358865019,-0.04070817374755265
365,0.9095672424094462,-0.04608499296582917,-0.3940003955647077,-0.12380344605007479
366,0.8569478796451628,-0.06675543374808748,-0.4702456004203398,-0.20013275324664243
367,0.7904716959617566,-0.08260209009468729,-0.5441981838705057,-0.26866285427535036
368,0.7114680340078288,-0.09254065430734588,-0.6142352025432891,-0.32857964002964146
369,0.621515627621809,-0.0956679102020241,-0.678746668931735,-0.3793005865979134
370,0.5224066643245436,-0.09129000626857953,-0.7361745037902235,-0.4204812859022389
371,0.41610604726315487,-0.07894516110921743,-0.7850509473661149,-0.4520159610102741
372,0.30470683785316416,-0.05842018753469924,-0.824035475447787,-0.474032024084314
373,0.19038295133397323,-0.029760379305751476,-0.8519492968561517,-0.4868788835544759
374,0.07534024202305159,0.0067275261268393855,-0.8678065627040181,-0.4911113499522823
375,-0.03823284834896219,0.050479418663841494,-0.8708414932160601,-0.4874681233595767
376,-0.14821389809761668,0.10068485024234883,-0.8605307233157508,-0.47684596629525555
377,-0.2525932089924897,0.15630478458047908,-0.8366102812222375,-0.46027027108143187
378,-0.34951749551079364,0.21609564091952088,-0.7990867421940759,-0.43886281769717056
379,-0.43732952678373227,0.2786390485336486,-0.7482422391716368,-0.4138075846994488
380,-0.5146027903022747,0.3423765810107354,-0.6846331599729736,-0.38631552033788386
381,-0.5801703713794901,0.4056486096746241,-0.6090825132471699,-0.3575892024361757
382,-0.6331473868844416,0.46673630729989923,-0.5226660988235181,-0.328788313463336
383,-0.6729464722624051,0.5239057492115592,-0.4266927686262346,-0.30099683156926665
384,-0.6992859933361866,0.5754530011088806,-0.3226792082349919,-0.2751927898972684
385,-0.7121908345504,0.6197490529930804,-0.212319802900798,-0.2522213864698134
386,-0.7119857986909923,0.6552834572059971,-0.09745227206768778,-0.23277213717142498
387,-0.6992818351300681,0.6807055558824356,0.01998013977717725,-0.21736065711714075
388,-0.6749554897904002,0.6948622384446207,0.1379690433697861,-0.20631553372723455
389,-0.6401221359266063,0.6968312517864322,0.2544829199076222,-0.1997706212279601
390,-0.5961036963704927,0.685949192501201,0.3675097942508827,-0.19766294445358087
391,-0.544391701338424,0.6618334392763316,0.47509957195735053,-0.1997362533328939
392,-0.4866066379550331,0.6243974312325055,0.5754050530783105,-0.20555012201478134
393,-0.42445463555302276,0.5738588608737831,0.6667206667136327,-0.2144943419559516
394,-0.35968259241110373,0.5107405244011652,0.7475180246495136,-0.22580822012262586
395,-0.2940328833977381,0.43586375310849973,0.8164774686501792,-0.23860426524599457
396,-0.22919879319788058,0.3503345329308967,0.8725148822715083,-0.2518956300682206
397,-0.16678179633051635,0.25552260039508035,0.914803152037862,-0.26462657863808636
398,-0.10825175364773017,0.1530339777192264,0.9427877916706592,-0.27570516747493473
399,-0.05491101677496589,0.04467757328189717,0.9561963836018194,-0.2840372698594114
400,-0.00786332900562714,-0.06757337795058707,0.9550416407888964,-0.28856103515296666
401,0.032011713883218315,-0.18162412988475482,0.9396180452071808,-0.28828086086125654
402,0.06407802340689711,-0.2953044849744927,0.9104921735530601,-0.28229996452150186
403,0.0879557385303969,-0.4064170036536946,0.8684869718616528,-0.26985067520259953
404,0.10352701655099095,-0.5127862131071134,0.8146603852042017,-0.2503216196620974
405,0.11093478258749268,-0.61230763723146,0.7502788828415434,-0.2232810546426394
406,0.1105745056069976,-0.7029954708612816,0.6767865398792505,-0.18849569251460968
407,0.10307924695317365,-0.7830277515057462,0.595770440646733,-0.14594448009779287
408,0.08929839888118804,-0.8507879402431231,0.5089232541669577,-0.09582691721136555
409,0.07027069134144029,-0.9049019086266973,0.4180038961298277,-0.038565639142177574
410,0.04719219115000168,-0.9442694383842547,0.32479723319023995,0.02519686766081827
411,0.02138014507342016,-0.9680894726406096,0.23107380320399465,0.09460739839943924
412,-0.005766375959954588,-0.9758785081121863,0.13855051880130945,0.1686168439181247
413,-0.03280799298344051,-0.9674816835004176,0.04885329168358282,0.24600037312831
414,-0.05830760198566485,-0.9430762960583599,-0.036517537987606354,0.3253825330020762
415,-0.08087290316266288,-0.9031676616622046,-0.11621815739400748,0.4052666879396909
416,-0.0991977571308194,-0.848577419161785,-0.1890879067277734,0.4840681069831441
417,-0.11210127854537597,-0.7804245627347206,-0.2541709711224821,0.5601499108876669
418,-0.11856363499396627,-0.700099661913759,-0.31073266150041046,0.6318610139280079
419,-0.11775760270092225,-0.609232893555234,-0.3582699445867959,0.6975751394812082
420,-0.10907503838625762,-0.5096566592101428,-0.3965160278320199,0.7557299553386181
421,-0.09214755586708073,-0.40336369147247314,-0.4254389547176943,0.8048653652370312
422,-0.0668608434241757,-0.29246166071025326,-0.44523431615592146,0.8436600075554007
423,-0.03336221988029956,-0.17912537648524623,-0.4563123306678628,0.8709650501967008
424,0.007938800318304289,-0.06554773390837879,-0.4592796860811808,0.8858344314724693
425,0.056376984289966785,0.04610941720031816,-0.4549166651261395,0.8875507788731426
426,0.11104477140762833,0.15376330383207482,-0.4441501933131021,0.8756463389506082
427,0.1708122716067104,0.25545601574181614,-0.42802354696089895,0.8499183696902225
428,0.23435339569227168,0.3493969579846333,-0.4076635397544452,0.8104385788161035
429,0.300177483951391,0.4340009672445206,-0.38424606575756626,0.7575563342149936
430,0.3666656569464862,0.5079211987373303,-0.3589609139376121,0.6918955225713688
431,0.4321109891803726,0.5700760218166036,-0.33297678307973644,0.6143450856881585
432,0.4947615055023063,0.6196693122460598,-0.3074074161744391,0.526043417043256
433,0.5528649242298784,0.6562036936865756,-0.2832797402379855,0.428356950123481
434,0.6047140219343597,0.6794864561738018,-0.2615048419439137,0.3228534113064578
435,0.6486914739481373,0.689628060871463,-0.24285253283942637,0.21127034003649234
436,0.6833130324701426,0.6870333236573459,-0.22793016225556245,0.0954795945475209
437,0.7072679405200788,0.6723855505782321,-0.21716622373384947,-0.022551340431746544
438,0.719455544061695,0.6466240714136254,-0.2107991747410548,-0.14080034913255352
439,0.7190171548250605,0.6109157792190834,-0.20887175282778314,-0.25723303178064977
440,0.705362330497463,0.5666214297748672,-0.21123092767189677,-0.36984541801939913
441,0.6781888742143336,0.515257581730081,-0.21753348127477806,-0.4767060518663869
442,0.637496008326168,0.4584551627786956,-0.2272570616777202,-0.5759964678775178
443,0.5835903444602561,0.39791572685873106,-0.23971641265595012,-0.6660491165631968
444,0.5170844487986537,0.3353665201842225,-0.25408434655115786,-0.7453818583704532
445,0.4388879838689742,0.272515498624591,-0.2694169031467774,-0.8127282282064602
446,0.35019159146399265,0.2110074349663769,-0.284682027426212,-0.867062774496363
447,0.2524438610140711,0.15238222207224122,-0.2987910059762261,-0.9076208956278777
448,0.14732189936241966,0.09803641774967708,-0.31063182807461764,-0.9339127294078782
449,0.03669617716523214,0.049188990806238765,-0.31910358501393965,-0.9457307945690334
450,-0.077409529913964,0.006852117500120561,-0.32315099131060565,-0.9431512338852331
451,-0.19286216398932637,-0.02819225380640209,-0.32179810491159916,-0.926528662374764
452,-0.3074663303997777,-0.05540950119437293,-0.31418034053286026,-0.8964847776011217
453,-0.4190130498835577,-0.07452268559170216,-0.2995739104461541,-0.8538910384466453
454,-0.5253291542760513,-0.08551593286386981,-0.27742188939301426,-0.799845860262862
455,-0.6243261438060987,-0.08863078815968528,-0.24735618330624226,-0.7356469045204832
456,-0.7140473343814763,-0.08435566887805347,-0.20921478310145827,-0.662759156800309
457,-0.7927121623781473,-0.07340871895748569,-0.16305380243555592,-0.5827795853580403
458,-0.8587565814345925,-0.05671453562912227,-0.10915392908089873,-0.4973992511628329
459,-0.9108685789651811,-0.03537539608112854,-0.0480210601675921,-0.4083637973503806
460,-0.9480179572590348,-0.010637751729557455,0.0196189615167641,-0.3174332800787391
461,-0.9694796622400869,0.01614512154741152,0.09283144339107964,-0.22634231303713145
462,-0.974850098826931,0.04355333080990925,0.17048955583961098,-0.13676148413240483
463,-0.9640560415038621,0.07014237172631711,0.25129630293679833,-0.05026096555788385
464,-0.9373559280121521,0.09448582710016067,0.33381125699232633,0.03172282148348014
465,-0.8953335085689657,0.11521763486876047,0.4164814394059192,0.10791670713661176
466,-0.838884008166323,0.13107281274521496,0.49767562192447606,0.1772357580849559
467,-0.7691931407263937,0.14092556549921195,0.5757212317126502,0.2388031838218546
468,-0.6877094867191141,0.1438237669927496,0.6489429729907923,0.29196473028503567
469,-0.5961109060230202,0.13901890084699323,0.7157022291724726,0.3362972674365129
470,-0.49626580138125864,0.1259906587165761,0.7744362837193319,0.37161142441342465
471,-0.39019017123725097,0.10446553070082096,0.8236963960188391,0.3979482759741668
472,-0.28000149099422533,0.07442887502648113,0.8621837905850346,0.41557023336101073
473,-0.16787053637089344,0.03613011996427995,0.8887826632927457,0.42494643766028545
474,-0.055972309699911876,-0.009919074172904736,0.9025893761076305,0.42673309064572307
475,0.0535627514035122,-0.06295368555105836,0.9029371002359455,0.4217492835265004
476,0.15869611401869482,-0.12197104675235906,0.8894152746417985,0.4109489948684116
477,0.2575259087344669,-0.18575304368886636,0.8618833698522761,0.39539002246249794
478,0.3483280444017985,-0.25289426849606256,0.8204785828828338,0.3762006877660465
479,0.4295927088700466,-0.3218354438290739,0.7656172346284583,0.3545452039175122
480,0.5000554024030939,-0.39090129925566786,0.6979897926052644,0.33158862795121224
481,0.5587217879022193,-0.45834196401837807,0.6185495957589623,0.3084623240033529
482,0.6048857968367781,-0.5223768472747433,0.5284955103920689,0.28623084689087225
483,0.6381405980368853,-0.5812399093903178,0.42924889334152955,0.26586111493434206
484,0.6583822140374646,-0.6332251876870206,0.3224253767330568,0.2481946783402258
485,0.6658057520571692,-0.6767314282888054,0.20980211453422634,0.2339238064643018
486,0.6608943994082672,-0.7103046926987022,0.09328124161451241,0.22357201596764853
487,0.644401511621062,-0.7326778531087395,-0.025149611635666754,0.21747954482901405
488,0.6173262913946844,-0.7428059631004311,-0.14345883415664804,0.21579414736673924
489,0.5808837134411728,-0.7398965885703873,-0.2596134138598656,0.21846744614406705
490,0.5364694904827826,-0.7234343050049581,-0.3716215911015825,0.22525693141446962
491,0.4856209956258052,-0.6931987086445753,-0.4775745928522063,0.23573355128822626
492,0.4299751531094817,-0.6492754471303438,-0.5756864763892244,0.24929468980451433
493,0.3712243806368919,-0.5920599460043988,-0.6643311569170149,0.2651821892724435
494,0.3110717103997143,-0.5222536867104192,-0.7420757615779938,0.28250494116884173
495,0.2511862314563009,-0.44085307506761245,-0.8077095411885481,0.3002654498992372
496,0.19315998296785647,-0.34913112201751517,-0.8602676785183145,0.31738966888566716
497,0.13846738631438,-0.24861233622820722,-0.8990494553800595,0.33275932140697945
498,0.08842823538091171,-0.14104139646211758,-0.9236303771656991,0.34524585160169935
499,0.04417517008732393,-0.028346326284028556,-0.9338679993877388,0.35374510576613255
